1465.649
1477.571
1477.719
1437.662
1400.462
1445.831
1487.786
1540.890
1580.295
1561.336
1565.720
1555.337
1564.881
1587.832
1594.658
1611.813
1660.084
1663.399
1672.405
1670.851
1656.746
1685.456
1718.619
1737.216
1736.690
1752.739
1746.805
1762.038
1744.776
1731.214
1738.441
1725.166
1727.649
1711.770
1701.302
1686.495
1692.836
1688.098
1678.633
1671.839
1668.919
1665.121
1670.513
1661.652
1654.071
1644.625
1657.404
1659.555
1659.531
1678.184
1683.122
1685.753
1691.034
1694.217
1677.281
1686.954
1687.258
1688.956
1688.991
1682.662
1682.519
1684.138
1687.047
1682.968
1685.166
1685.603
1684.897
1683.906
1683.899
1676.874
1674.984
1670.954
1681.726
1684.382
1688.207
1683.397
1675.422
1676.642
1678.502
1685.901
1689.364
1684.902
1681.237
1680.427
1675.080
1672.702
1670.657
1673.186
1675.817
1684.903
1687.357
1681.205
1683.554
1675.985
1678.078
1675.086
1672.888
1668.485
1665.902
1659.522
1655.561
1652.339
1650.249
1655.815
1656.480
1651.286
1652.707
1652.366
1650.945
1643.742
1642.496
1639.038
1637.397
1638.973
1641.314
1642.685
1638.878
1640.449
1647.144
1642.913
1646.783
1642.480
1641.660
1644.143
1645.568
1645.348
1640.936
1646.311
1645.122
1640.324
1636.772
1638.742
1636.509
1635.706
1634.370
1632.781
1633.681
1631.093
1629.499
1626.396
1624.985
1623.533
1626.941
1628.605
1630.185
1628.673
1629.446
1626.498
1621.244
1618.941
1617.725
1615.383
1614.987
1612.251
1616.424
1610.884
1609.228
1608.521
1604.671
1601.066
1598.466
1599.175
1595.733
1591.060
1589.849
1589.943
1585.152
1583.650
1580.165
1577.166
1573.908
1571.695
1569.327
1565.688
1564.523
1563.736
1560.207
1555.992
1553.467
1551.664
1548.380
1545.589
1544.206
1541.659
1539.969
1536.068
1536.106
1534.925
1531.278
1529.597
1529.243
1526.923
1523.588
1519.636
1515.260
1513.397
1510.73
1508.673
1505.902
1504.817
1501.734
1499.947
1497.796
1497.096
1494.163
1490.936
1487.962
1486.090
1483.850
1483.892
1480.751
1478.562
1475.547
1472.698
1471.267
1470.195
1468.671
1465.958
1463.244
1460.911
1457.529
1454.598
1452.473
1449.383
1448.576
1446.024
1444.422
1442.905
1441.517
1439.165
1437.743
1434.952
1433.202
1432.471
1429.988
1426.642
1426.439
1424.337
1425.655
1421.826
1421.070
1419.890
1417.172
1414.764
1412.426
1410.224
1409.461
1406.857
1404.318
1402.406
1403.862
1401.690
1401.059
1397.895
1396.408
1394.227
1392.702
1390.121
1388.023
1385.614
1383.809
1382.806
1380.603
1377.627
1374.962
1373.100
1371.289
1370.472
1368.955
1367.231
1364.180
1361.036
1359.968
1356.376
1354.505
1352.476
1349.402
1347.474
1345.924
1344.497
1340.820
1338.637
1336.73
1335.804
1333.437
1332.666
1331.408
1330.460
1329.105
1326.616
1323.953
1321.386
1318.627
1315.710
1314.384
1312.567
1309.363
1306.899
1304.804
1302.597
1301.363
1299.267
1296.734
1295.330
1292.942
1291.312
1289.119
1286.156
1283.750
1282.255
1281.971
1279.794
1277.934
1276.028
1273.116
1270.322
1267.899
1265.202
1262.767
1261.158
1259.830
1257.231
1254.051
1251.207
1249.473
1247.879
1246.624
1244.902
1242.907
1241.420
1239.660
1238.596
1237.446
1236.089
1233.803
1232.465
1231.353
1230.233
1228.730
1227.737
1225.764
1223.185
1221.019
1219.133
1217.854
1215.491
1213.700
1212.711
1211.203
1209.600
1207.575
1205.256
1203.122
1201.104
1200.455
1198.972
1197.469
1195.589
1194.584
1194.33
1192.782
1191.310
1190.974
1189.987
1188.576
1188.215
1186.144
1184.265
1182.705
1180.508
1179.132
1177.273
1175.124
1173.447
1171.535
1170.377
1168.476
1166.333
1164.388
1163.188
1160.870
1159.497
1157.784
1156.633
1155.407
1153.081
1151.400
1149.599
1148.468
1146.724
1144.936
1144.110
1142.500
1141.169
1139.399
1138.428
1137.471
1135.485
1133.74
1132.327
1130.587
1129.407
1127.296
1126.296
1124.423
1124.030
1122.396
1120.658
1119.931
1118.357
1116.380
1114.784
1113.980
1112.054
1110.900
1110.203
1108.165
1106.886
1105.249
1103.627
1102.004
1100.728
1098.984
1096.992
1095.17
1094.527
1092.710
1090.783
1088.939
1087.476
1086.700
1085.490
1084.217
1082.263
1080.690
1079.409
1077.896
1076.394
1074.494
1072.715
1071.460
1069.638
1067.963
1066.307
1064.970
1063.317
1061.691
1060.112
1059.152
1057.583
1056.326
1055.495
1053.876
1052.190
1050.720
1049.143
1047.349
1045.634
1043.894
1042.080
1040.540
1038.900
1037.406
1035.832
1034.240
1033.206
1031.867
1030.280
1029.848
1028.288
1026.955
1025.348
1023.812
1022.362
1021.115
1019.399
1017.970
1016.431
1015.101
1013.438
1011.977
1010.460
1008.783
1007.383
1006.179
1004.681
1003.57
1002.603
1001.088
1000.017
998.5541
997.084
995.560
994.231
992.628
991.184
990.691
989.933
988.932
987.792
986.760
985.361
984.061
982.506
981.017
979.464
978.059
977.221
976.101
974.560
973.228
971.73
970.470
969.144
967.751
966.620
965.495
964.094
962.809
961.877
960.921
959.399
958.00
956.704
955.152
954.215
953.008
951.623
950.466
949.365
948.023
946.745
945.529
944.457
943.121
943.267
942.863
941.503
940.179
939.06
938.106
937.0222
935.822
934.547
933.35
932.436
931.338
930.120
929.218
928.238
927.118
925.933
924.710
923.485
922.389
921.379
920.386
919.519
918.310
917.006
915.799
914.501
913.430
912.429
911.233
910.19
909.006
907.739
906.609
905.73
905.086
903.817
902.98
901.816
901.041
900.023
898.918
897.792
896.494
895.455
894.310
893.250
892.201
891.273
889.994
888.828
887.864
886.71
885.734
884.757
883.538
882.862
882.232
881.252
880.701
879.528
878.300
877.097
876.371
875.16
874.082
872.902
872.023
870.947
869.753
868.573
867.46
866.791
865.687
864.639
863.860
862.946
861.750
860.716
859.560
858.858
857.782
856.713
855.670
854.497
853.499
852.731
851.675
850.729
849.658
848.642
847.569
846.421
845.376
844.347
843.344
842.403
842.437
841.424
840.356
839.517
838.37
837.336
836.481
835.378
834.539
833.768
832.790
831.728
830.902
830.148
829.240
828.18
827.270
826.264
825.156
824.170
823.124
822.255
821.256
820.432
819.578
818.526
818.236
817.474
816.706
815.859
814.84
813.986
812.922
811.869
811.288
810.234
809.242
808.280
807.320
806.450
805.716
805.205
804.292
803.367
802.519
801.541
800.732
799.786
799.090
798.243
797.277
796.347
795.450
794.538
793.898
792.943
792.238
791.344
790.414
789.441
788.601
788.133
787.318
786.559
785.705
784.80
783.867
783.101
782.648
781.829
781.011
780.084
779.28
778.406
777.509
776.919
776.083
775.252
774.451
773.64
772.709
771.874
771.21
770.270
769.373
768.842
767.934
766.988
766.404
765.581
764.728
763.820
763.015
762.193
761.553
760.786
760.421
759.668
758.921
758.031
757.585
757.395
756.786
756.024
755.469
754.892
754.096
753.415
752.662
751.893
751.114
750.427
749.599
748.798
748.04
747.304
746.480
745.624
744.767
744.044
743.262
742.536
741.722
740.942
740.410
739.644
739.174
738.401
737.630
736.870
736.109
735.329
734.519
733.751
733.061
732.366
731.726
730.960
730.227
729.463
729.039
728.294
727.494
726.817
726.042
725.382
725.115
724.498
723.841
723.192
722.551
721.799
721.110
720.542
720.11
719.333
718.691
718.004
717.305
716.721
715.978
715.578
715.098
714.52
713.820
713.695
713.02
712.413
711.682
711.079
710.492
709.801
709.235
708.500
708.004
707.497
706.957
706.258
705.509
704.787
704.110
703.399
702.769
702.195
701.515
700.908
700.227
699.533
698.828
698.436
697.787
697.427
696.83
696.204
695.823
695.211
694.600
693.900
693.294
692.603
691.960
691.347
690.646
689.980
689.336
688.688
688.133
687.441
686.836
686.22
685.540
684.938
684.427
683.820
683.166
683.175
683.02
682.390
681.85
681.170
680.528
679.894
679.238
678.671
678.050
677.379
676.779
676.207
675.565
675.056
674.451
673.909
673.412
672.748
672.218
671.552
670.914
670.298
669.637
669.026
668.598
668.124
667.499
666.873
666.239
665.628
665.103
664.554
664.096
663.483
663.130
662.675
662.141
661.545
660.920
660.359
659.846
659.266
658.705
658.163
657.550
656.944
656.36
655.864
655.326
654.773
654.438
653.845
653.322
652.715
652.144
651.557
651.223
650.729
650.105
649.49
648.909
648.486
647.871
647.279
646.751
646.180
645.604
645.105
644.52
643.958
643.386
642.900
642.657
642.480
641.891
641.366
640.842
640.252
639.678
639.240
638.741
638.332
637.943
637.463
636.918
636.333
635.758
635.349
634.793
634.258
633.654
633.123
632.591
632.011
631.502
631.007
630.450
629.894
629.356
628.792
628.256
627.65
627.175
626.674
626.121
625.801
625.566
625.018
624.467
623.938
623.448
622.923
622.360
621.85
621.317
620.778
620.209
619.691
619.151
618.628
618.095
617.55
617.232
616.674
616.187
615.792
615.365
614.798
614.435
614.008
613.616
613.104
612.610
612.12
611.592
611.07
610.541
610.060
609.545
609.028
608.576
608.072
607.570
607.035
606.523
606.035
605.546
605.044
604.520
604.02
603.508
602.974
602.442
601.934
601.475
600.975
600.444
599.960
599.476
599.026
598.487
597.989
597.541
597.032
596.525
596.100
595.655
595.152
594.646
594.168
593.762
593.339
592.900
592.384
591.879
591.618
591.161
590.679
590.348
589.842
589.436
589.070
588.576
588.128
587.631
587.193
586.772
586.26
585.803
585.364
584.949
584.461
583.996
583.621
583.149
582.715
582.251
581.976
581.576
581.238
580.797
580.381
579.923
579.447
579.050
578.630
578.185
577.759
577.370
577.184
576.811
576.348
576.076
575.698
575.297
574.992
574.734
574.274
573.844
573.380
572.952
572.595
572.198
571.792
571.345
570.889
570.461
570.007
569.573
569.243
568.799
568.36
567.950
567.549
567.096
566.721
566.262
565.823
565.385
564.973
564.583
564.163
563.748
563.322
562.926
562.560
562.127
561.739
561.291
560.881
560.438
560.010
559.587
559.144
558.721
558.35
557.940
557.527
557.210
556.770
556.422
556.253
556.018
555.595
555.177
554.75
554.373
553.957
553.521
553.30
552.89
552.488
552.101
551.671
551.262
550.848
550.437
550.027
549.619
549.209
548.810
548.467
548.039
547.669
547.266
546.947
546.621
546.221
545.858
545.460
545.059
544.64
544.229
544.100
543.706
543.334
542.923
542.726
542.326
541.922
541.503
541.094
540.685
540.314
539.928
539.569
539.182
538.782
538.376
537.984
537.688
537.332
536.930
536.561
536.148
535.745
535.351
535.003
534.605
534.207
533.802
533.484
533.080
532.696
532.329
531.92
531.631
531.227
530.888
530.489
530.078
529.676
529.659
529.261
528.882
528.522
528.182
527.809
527.613
527.267
526.876
526.489
526.120
525.742
525.361
524.980
524.999
524.661
524.382
524.012
523.642
523.254
522.861
522.477
522.11
521.741
521.392
521.069
520.710
520.361
519.984
519.599
519.239
518.888
518.517
518.167
517.809
517.444
517.111
516.741
516.398
516.014
515.637
515.456
515.109
514.733
514.370
514.028
513.665
513.482
513.131
512.829
512.482
512.130
511.785
511.439
511.113
510.784
510.552
510.391
510.031
509.664
509.321
509.018
508.649
508.332
508.021
507.694
507.39
507.036
506.711
506.384
506.052
505.771
505.441
505.086
504.73
504.397
504.036
503.749
503.421
503.07
502.735
502.396
502.049
501.694
501.340
501.017
500.708
500.389
500.09
499.73
499.40
499.331
499.003
498.679
498.38
498.111
497.759
497.478
497.146
496.818
496.474
496.150
495.80
495.472
495.141
494.814
494.520
494.254
493.922
493.581
493.243
493.031
492.706
492.378
492.105
491.811
491.502
491.187
490.942
490.612
490.361
490.043
489.858
489.52
489.206
489.058
488.873
488.595
488.263
487.99
487.67
487.34
487.126
486.792
486.476
486.262
485.964
485.665
485.361
485.09
484.780
484.462
484.147
483.849
483.546
483.337
483.04
482.829
482.603
482.29
481.97
481.664
481.365
481.313
481.016
480.731
480.471
480.282
479.973
479.726
479.439
479.156
478.85
478.549
478.253
477.945
477.527
477.258
476.992
476.680
476.410
476.185
475.933
475.634
475.363
475.115
474.82
474.553
474.307
474.018
473.708
473.404
473.105
472.845
472.56
472.295
472.006
471.707
471.431
471.194
470.900
470.691
470.410
470.115
469.831
469.535
469.255
468.963
468.744
468.487
468.199
467.924
467.695
467.417
467.159
466.877
466.599
466.313
466.016
465.755
465.451
465.20
464.906
464.754
464.601
464.443
464.172
463.883
463.61
463.336
463.080
462.803
462.539
462.248
461.977
461.690
461.418
461.145
460.853
460.695
460.525
460.256
459.978
459.699
459.415
459.144
458.852
458.697
458.470
458.189
457.971
457.791
457.512
457.224
456.947
456.667
456.407
456.145
455.877
455.610
455.323
455.075
454.809
454.529
454.268
454.081
453.832
453.585
453.369
453.093
452.912
452.646
452.371
452.100
451.825
451.556
451.311
451.044
450.783
450.545
450.317
450.090
449.824
449.588
449.329
449.051
448.779
448.512
448.274
448.003
447.819
447.81
447.541
447.27
447.014
446.764
446.545
446.364
446.124
445.900
445.661
445.394
445.131
444.996
444.744
444.49
444.232
443.989
443.774
443.513
443.352
443.112
442.862
442.613
442.402
442.201
441.971
441.775
441.54
441.466
441.21
440.977
440.745
440.521
440.273
440.052
439.881
439.662
439.453
439.196
438.948
438.803
438.625
438.375
438.13
437.887
437.645
436.966
436.510
436.435
436.193
436.07
435.857
435.623
435.496
435.248
435.011
434.916
434.688
434.450
434.214
434.027
433.829
433.606
433.374
433.176
432.924
432.676
432.455
432.249
432.038
431.829
431.583
431.343
431.126
430.898
430.690
430.450
430.216
430.029
429.805
429.586
429.350
429.119
428.881
428.658
428.446
428.219
427.989
427.764
427.541
427.338
427.10
426.871
426.813
426.585
426.347
426.138
425.893
425.660
425.433
425.19
424.959
424.733
424.510
424.277
424.052
423.828
423.608
423.373
423.141
422.903
422.677
422.461
422.217
421.994
421.762
421.516
421.335
421.288
421.050
420.868
420.716
420.267
420.070
419.851
419.626
419.402
419.170
418.947
418.777
418.581
418.376
418.160
417.930
417.719
417.497
417.278
417.076
416.874
416.659
416.431
416.386
416.167
415.941
415.734
415.508
415.339
415.112
414.884
414.663
414.464
414.264
414.033
413.836
413.752
413.542
413.323
413.255
413.042
412.856
412.649
412.426
412.217
412.00
411.802
411.692
411.465
411.365
411.144
410.93
410.737
410.600
410.406
410.195
409.983
409.767
409.559
409.455
409.423
409.378
409.181
408.976
408.780
408.59
408.396
408.201
408.028
407.807
407.619
407.408
407.195
406.987
406.824
406.615
406.407
406.203
405.991
405.785
405.569
405.366
405.163
404.952
404.757
404.564
404.362
404.152
403.94
403.734
403.524
403.317
403.118
402.908
402.709
402.50
402.328
402.133
402.063
401.847
401.646
401.455
401.241
401.054
400.84
400.801
400.407
400.270
400.158
399.996
399.791
399.774
399.579
399.395
399.199
399.121
398.915
398.703
398.508
398.30
398.101
397.900
397.706
397.502
397.309
396.967
396.451
396.248
396.205
396.237
396.080
395.89
395.742
395.739
395.566
395.378
395.317
395.122
394.929
394.745
394.595
394.422
394.232
394.057
393.869
393.68
393.500
393.302
393.139
392.964
392.775
392.590
392.447
392.247
392.058
392.033
391.835
391.74
391.56
391.361
391.198
391.006
390.818
390.655
390.470
390.288
390.184
389.992
389.798
389.608
389.420
389.240
389.055
388.866
388.681
388.490
388.322
388.281
388.142
387.991
387.853
387.672
387.500
387.314
387.131
386.964
386.788
386.590
386.401
386.219
386.035
386.055
385.875
385.706
385.565
385.379
385.220
385.027
384.870
384.677
384.498
384.312
384.125
383.942
383.74
383.561
383.370
383.185
383.013
382.843
382.652
382.462
382.298
382.10
381.921
381.739
381.553
381.377
381.226
381.047
380.863
380.674
380.487
380.309
380.137
379.960
379.802
379.635
379.462
379.279
379.108
378.914
378.742
378.567
378.554
378.377
378.199
378.019
377.854
377.718
377.540
377.434
377.246
377.071
376.899
376.712
376.536
376.382
376.223
376.056
375.875
375.699
375.527
375.553
375.378
375.196
375.022
374.90
374.727
374.547
374.370
374.208
374.026
373.842
373.677
373.507
373.333
373.162
372.988
372.814
372.666
372.492
372.363
372.216
372.075
371.971
371.790
371.627
371.455
371.277
371.124
370.967
370.801
370.618
370.477
370.308
370.142
370.037
369.86
369.715
369.551
369.384
369.252
369.086
368.920
368.767
368.610
368.437
368.268
368.195
368.054
367.890
367.919
367.761
367.594
367.503
367.337
367.198
367.030
366.879
366.722
366.552
366.38
366.221
366.058
365.891
365.722
365.659
365.491
365.321
365.155
364.990
364.826
364.656
364.485
364.314
364.156
363.989
363.824
363.697
363.532
363.42
363.289
363.179
363.016
362.848
362.688
362.583
362.452
362.281
362.114
361.967
361.799
361.641
361.605
361.452
361.286
361.134
361.003
360.839
360.69
360.575
360.412
360.248
360.086
359.934
359.770
359.672
359.513
359.363
359.196
359.057
358.908
358.744
358.578
358.551
358.388
358.228
358.078
357.950
357.823
357.657
357.504
357.361
357.199
357.046
356.891
356.736
356.583
356.490
356.328
356.205
356.048
355.902
355.758
355.599
355.442
355.313
355.157
355.009
354.853
354.702
354.551
354.400
354.242
354.099
353.945
353.812
353.675
353.526
353.370
353.214
353.061
352.904
352.751
352.590
352.470
352.317
352.168
352.027
351.932
351.815
351.712
351.563
351.408
351.265
351.110
350.955
350.808
350.676
350.571
350.421
350.286
350.136
349.995
349.870
349.719
349.577
349.427
349.286
349.142
349.001
348.850
348.696
348.537
348.38
348.23
348.14
348.006
347.864
347.751
347.615
347.468
347.336
347.187
347.036
346.884
346.738
346.593
346.473
346.378
346.246
346.098
345.944
345.793
345.749
345.614
345.461
345.334
345.188
345.116
345.015
344.871
344.745
344.597
344.453
344.367
344.260
344.112
343.968
343.834
343.686
343.534
343.382
343.238
343.12
342.980
342.87
342.756
342.661
342.589
342.443
342.425
342.283
342.145
342.017
341.881
341.767
341.628
341.489
341.350
341.387
341.326
341.176
341.112
341.003
340.864
340.720
340.586
340.446
340.330
340.200
340.071
339.947
339.808
339.683
339.559
339.41
339.278
339.136
339.005
338.871
338.735
338.590
338.44
338.306
338.162
338.026
337.891
337.756
337.741
337.66
337.533
337.443
337.323
337.202
337.071
336.934
336.793
336.654
336.525
336.387
336.373
336.342
336.213
336.08
335.956
335.825
335.693
335.56
335.439
335.305
335.216
335.076
335.000
334.865
334.733
334.602
334.478
334.409
334.278
334.139
333.99
333.960
333.904
333.787
333.675
333.558
333.429
333.299
333.167
333.11
332.984
332.90
332.776
332.652
332.551
332.435
332.304
332.175
332.049
331.930
331.806
331.679
331.548
331.421
331.315
331.18
331.074
330.948
330.815
330.712
330.581
330.459
330.339
330.230
330.107
329.968
329.84
329.71
329.591
329.462
329.33
329.25
329.120
329.029
328.901
328.799
328.673
328.555
328.429
328.300
328.164
328.042
327.920
327.804
327.677
327.572
327.444
327.405
327.298
327.173
327.048
326.971
326.863
326.737
326.612
326.488
326.360
326.229
326.153
326.036
325.919
325.786
325.667
325.886
325.757
325.636
325.531
325.53
325.511
325.387
325.27
325.150
325.018
324.961
324.835
324.731
324.610
324.492
324.369
324.33
324.211
324.264
324.146
324.030
323.910
323.807
323.69
323.570
323.445
323.335
323.306
323.209
323.111
322.994
322.873
322.752
322.626
322.506
322.488
322.385
322.262
322.164
322.044
321.932
321.828
321.700
321.577
321.456
321.342
321.228
321.110
320.998
320.868
320.774
320.667
320.579
320.460
320.344
320.221
320.098
319.989
319.879
319.757
319.635
319.518
319.399
319.287
319.161
319.039
318.920
318.80
318.683
318.566
318.463
318.338
318.222
318.099
318.108
317.990
317.903
317.801
317.691
317.571
317.459
317.339
317.263
317.176
317.054
316.935
316.829
316.719
316.718
316.614
316.500
316.391
316.281
316.165
316.057
315.948
315.845
315.734
315.620
315.512
315.405
315.288
315.224
315.112
315.029
314.919
314.800
314.701
314.583
314.472
314.356
314.242
314.131
314.009
313.902
313.793
313.678
313.584
313.473
313.359
313.245
313.160
313.055
312.942
312.874
312.755
312.640
312.521
312.422
312.319
312.20
312.089
311.971
311.854
311.736
311.614
311.504
311.391
311.313
311.207
311.09
310.982
310.866
310.748
310.650
310.538
310.438
310.326
310.211
310.100
309.988
309.872
309.76
309.645
309.532
309.450
309.333
309.344
309.229
309.116
309.100
309.00
308.900
308.78
308.707
308.606
308.496
308.392
308.280
308.182
308.066
307.955
307.850
307.736
307.749
307.635
307.525
307.42
307.307
307.206
307.123
307.072
306.962
306.854
306.771
306.661
306.547
306.442
306.330
306.22
306.114
306.020
305.925
305.814
305.704
305.59
305.478
305.388
305.288
305.174
305.102
305.011
304.897
304.783
304.677
304.569
304.492
304.377
304.26
304.157
304.063
304.031
303.92
303.828
303.777
303.683
303.584
303.478
303.282
303.178
303.075
302.977
302.873
302.767
302.658
302.556
302.45
302.343
302.233
302.136
302.036
301.928
301.833
301.729
301.617
301.512
301.406
301.317
301.228
301.118
301.009
300.908
300.799
300.704
300.594
300.485
300.379
300.284
300.176
300.083
300.006
299.903
299.848
299.762
299.651
299.571
299.46
299.356
299.24
299.142
299.034
298.929
298.820
298.713
298.635
298.539
298.443
298.381
298.286
298.177
298.077
297.982
297.883
297.823
297.745
297.641
297.543
297.498
297.392
297.316
297.217
297.11
297.014
296.928
296.844
296.759
296.750
296.646
296.546
296.456
296.351
296.247
296.144
296.043
295.952
295.853
295.772
295.671
295.567
295.462
295.361
295.25
295.163
295.059
294.960
294.86
294.757
294.663
294.632
294.548
294.515
294.434
294.345
294.293
294.191
294.115
294.036
293.93
293.830
293.726
293.620
293.521
293.420
293.330
293.241
293.151
293.049
292.945
292.849
292.749
292.649
292.452
292.361
292.258
292.158
292.054
291.953
291.862
291.759
291.657
291.642
291.56
291.464
291.367
291.264
291.164
291.059
290.961
290.861
290.75
290.657
290.553
290.449
290.355
290.305
290.220
290.119
290.049
289.949
289.846
289.746
289.659
289.558
289.459
289.361
289.266
289.168
289.073
288.974
288.879
288.779
288.693
288.596
288.572
288.471
288.37
288.275
288.177
288.085
288.002
287.903
287.804
287.714
287.617
287.541
287.463
287.409
287.316
287.222
287.127
287.035
286.938
286.839
286.772
286.681
286.598
286.540
286.447
286.35
286.257
286.163
286.064
286.00
285.910
285.816
285.727
285.633
285.543
285.449
285.375
285.286
285.195
285.102
285.058
284.969
284.887
284.789
284.692
284.610
284.553
284.462
284.373
284.287
284.202
284.117
284.047
283.961
283.882
283.789
283.736
283.722
283.638
283.546
283.466
283.373
283.285
283.193
283.100
283.019
282.931
282.838
282.74
282.653
282.562
282.480
282.390
282.310
282.217
282.121
282.030
281.93
281.851
281.566
281.470
281.309
281.232
281.186
281.099
281.007
280.910
280.831
280.737
280.656
280.566
280.525
280.439
280.349
280.261
280.171
280.07
279.993
279.903
279.815
279.72
279.65
279.567
279.480
279.396
279.313
279.222
279.188
279.099
279.009
278.923
278.828
278.736
278.642
278.548
278.466
278.37
278.285
278.19
278.107
278.029
277.945
277.853
277.768
277.694
277.616
277.54
277.453
277.368
277.279
277.189
277.209
277.118
277.027
276.936
276.846
276.763
276.674
276.587
276.533
276.46
276.42
276.345
276.267
276.183
276.107
276.048
275.961
275.886
275.807
275.797
275.731
275.642
275.564
275.48
275.402
275.311
275.229
275.140
275.05
274.966
274.885
274.825
274.758
274.708
274.648
274.565
274.478
274.418
274.331
274.243
274.162
274.075
273.990
273.914
273.840
273.761
273.676
273.642
273.569
273.492
273.425
273.347
273.262
273.192
273.112
273.027
272.949
272.871
272.818
272.737
272.648
272.755
272.670
272.588
272.51
272.430
272.362
272.27
272.193
272.108
272.033
271.980
271.896
271.813
271.729
271.673
271.590
271.553
271.473
271.390
271.305
271.222
271.138
271.058
270.983
270.902
270.825
270.744
270.66
270.597
270.513
270.430
270.35
270.27
270.191
270.104
270.018
269.965
269.914
269.830
269.745
269.660
269.57
269.534
269.449
269.374
269.292
269.239
269.164
269.110
269.031
269.057
269.050
268.969
268.888
268.818
268.737
268.654
268.572
268.497
268.502
268.430
268.348
268.265
268.183
268.177
268.100
268.021
267.946
267.864
267.816
267.760
267.678
267.595
267.574
267.491
267.528
267.454
267.401
267.325
267.24
267.163
267.085
267.111
267.040
266.956
266.889
266.81
266.732
266.659
266.577
266.499
266.447
266.368
266.286
266.205
266.205
266.129
266.051
265.986
265.912
265.847
265.770
265.687
265.613
265.534
265.474
265.400
265.324
265.242
265.165
265.088
264.998
264.920
264.858
264.806
264.765
264.689
264.617
264.565
264.539
264.470
264.403
264.438
264.398
264.336
264.281
264.233
264.267
264.275
264.376
264.319
264.296
264.229
264.191
264.144
264.130
264.065
264.054
264.104
264.143
264.10
264.085
264.090
264.118
264.146
264.171
264.170
264.107
264.089
264.050
264.147
264.136
264.098
264.073
264.135
264.179
264.279
264.275
264.239
264.199
264.164
264.111
264.06
263.999
264.042
263.997
264.041
264.034
263.970
263.940
263.906
263.909
263.914
264.13
264.193
264.228
264.265
264.303
264.364
264.383
264.386
264.45
264.515
264.558
264.575
264.577
264.623
264.637
264.624
264.576
264.629
264.58
264.552
264.620
264.789
264.842
264.938
264.946
265.027
265.184
265.268
265.267
265.328
265.480
265.670
265.766
265.780
265.798
265.886
265.918
265.946
265.953
265.95
265.93
266.002
266.078
266.113
266.214
266.290
266.36
266.463
266.570
266.639
266.691
266.801
266.901
267.014
267.059
267.077
267.268
267.551
267.695
267.712
267.81
267.887
267.935
268.010
268.065
268.040
268.00
268.036
268.002
267.983
268.115
268.537
268.601
268.631
268.69
268.741
268.781
268.872
268.886
268.894
269.01
269.136
269.287
269.275
269.251
269.282
269.254
269.301
269.342
269.318
269.302
269.404
269.604
269.640
269.727
269.80
269.769
269.791
269.874
269.93
269.937
270.156
270.300
270.337
270.412
270.472
270.52
270.499
270.558
270.721
270.724
270.770
270.775
270.846
270.822
270.872
270.92
270.936
270.938
271.026
271.053
271.047
271.024
270.986
270.967
270.969
270.999
270.994
271.107
271.147
271.121
271.266
271.267
271.268
271.256
271.22
271.181
271.29
271.344
271.343
271.339
271.316
271.279
271.267
271.242
271.24
271.212
271.186
271.256
271.209
271.289
271.339
271.300
271.340
271.317
271.30
271.278
271.244
271.236
271.248
271.207
271.198
271.226
271.202
271.216
271.163
271.10
271.057
271.023
270.975
270.950
270.919
270.911
270.922
270.931
270.876
270.819
270.810
270.835
270.87
270.89
270.862
270.811
270.893
270.947
270.890
270.861
270.835
270.793
270.764
270.752
270.71
270.674
270.624
270.604
270.566
270.565
270.520
270.540
270.54
270.563
270.527
270.469
270.419
270.356
270.307
270.260
270.195
270.144
270.085
270.03
269.972
269.910
269.927
269.892
269.891
269.857
269.804
269.759
269.701
269.657
269.600
269.545
269.48
269.419
269.375
269.314
269.258
269.199
269.134
269.082
269.026
268.978
268.94
268.879
268.82
268.806
268.766
268.702
268.641
268.581
268.541
268.487
268.423
268.358
268.310
268.256
268.200
268.206
268.138
268.077
268.01
267.951
267.890
267.831
267.793
267.743
267.681
267.622
267.560
267.493
267.431
267.365
267.325
267.260
267.20
267.150
267.088
267.03
266.988
266.928
266.884
266.840
266.78
266.733
266.669
266.607
266.539
266.473
266.416
266.352
266.308
266.246
266.206
266.146
266.085
266.021
265.980
265.916
265.848
265.809
265.789
265.737
265.75
265.718
265.656
265.591
265.579
265.518
265.469
265.411
265.354
265.288
265.218
265.18
265.134
265.107
265.07
265.013
264.951
264.891
264.826
264.766
264.699
264.630
264.650
264.591
264.548
264.49
264.446
264.393
264.34
264.284
264.219
264.172
264.146
264.169
264.108
264.109
264.066
264.020
263.971
263.910
263.847
263.805
263.839
263.772
263.713
263.651
263.597
263.532
263.472
263.407
263.344
263.279
263.216
263.154
263.087
263.031
262.967
262.907
262.852
262.792
262.728
262.669
262.605
262.545
262.477
262.424
262.359
262.295
262.23
262.199
262.136
262.071
262.002
261.938
261.888
261.832
261.769
261.705
261.648
261.582
261.532
261.468
261.41
261.344
261.286
261.232
261.169
261.105
261.048
260.987
260.926
260.872
260.858
260.847
260.784
260.721
260.674
260.630
260.573
260.511
260.443
260.384
260.321
260.29
260.231
260.168
260.139
260.089
260.025
259.962
259.900
259.837
259.772
259.75
259.695
259.634
259.566
259.508
259.457
259.389
259.370
259.307
259.243
259.179
259.204
259.139
259.087
259.023
258.959
258.899
258.838
258.775
258.706
258.640
258.576
258.514
258.462
258.425
258.386
258.390
258.325
258.268
258.201
258.138
258.082
258.019
257.957
257.897
257.832
257.814
257.760
257.640
257.578
257.512
257.462
257.400
257.334
257.298
257.235
257.063
257.005
256.947
256.886
256.827
256.761
256.697
256.688
256.623
256.568
256.574
256.519
256.453
256.390
256.338
256.292
256.231
256.173
256.110
256.048
256.000
255.949
255.887
255.856
255.794
255.737
255.677
255.615
255.560
255.501
255.439
255.381
255.31
255.250
255.189
255.128
255.157
255.093
255.051
254.990
254.931
254.878
254.815
254.757
254.693
254.662
254.596
254.532
254.474
254.433
254.371
254.316
254.312
254.24
254.186
254.135
254.073
254.008
253.943
253.882
253.825
253.76
253.700
253.643
253.580
253.534
253.479
253.415
253.350
253.286
253.222
253.168
253.116
253.048
253.018
252.974
252.914
252.853
252.795
252.730
252.694
252.632
252.688
252.629
252.576
252.517
252.474
252.41
252.351
252.29
252.236
252.176
252.11
252.054
251.992
251.93
251.870
251.809
251.750
251.686
251.633
251.571
251.512
251.451
251.41
251.350
251.28
251.231
251.180
251.120
251.056
251.000
250.941
250.881
250.853
250.805
250.743
250.679
250.616
250.553
250.497
250.434
250.370
250.309
250.317
250.284
250.221
250.165
250.107
250.049
249.986
249.978
249.919
249.858
249.795
249.732
249.675
249.62
249.556
249.497
249.445
249.390
249.327
249.266
249.20
249.150
249.087
249.038
248.977
248.918
248.861
248.817
248.755
248.698
248.693
248.701
248.643
248.588
248.532
248.480
248.467
248.415
248.366
248.305
248.244
248.202
248.143
248.084
248.038
247.978
247.919
247.859
247.800
247.74
247.745
247.684
247.624
247.575
247.593
247.604
247.548
247.49
247.432
247.375
247.317
247.261
247.203
247.164
247.120
247.066
247.007
246.957
246.903
246.844
246.788
246.727
246.667
246.610
246.555
246.633
246.576
246.523
246.466
246.435
246.393
246.339
246.279
246.225
246.16
246.112
246.051
246.009
245.997
245.938
245.880
245.851
245.796
245.751
245.696
245.638
245.582
245.521
245.463
245.354
245.318
245.232
245.182
245.170
245.115
245.056
244.998
244.940
244.879
244.821
244.765
244.706
244.647
244.5902
244.533
244.476
244.441
244.414
244.354
244.294
244.238
244.179
244.136
244.077
244.024
243.967
243.915
243.857
243.795
243.744
243.687
243.642
243.583
243.528
243.469
243.415
243.377
243.330
243.300
243.244
243.184
243.123
243.070
243.023
242.967
242.966
242.92
242.875
242.829
242.777
242.730
242.672
242.637
242.586
242.544
242.487
242.429
242.373
242.318
242.262
242.206
242.156
242.097
242.044
241.986
241.933
241.925
241.869
241.861
241.873
241.829
241.793
241.745
241.690
241.635
241.583
241.527
241.488
241.437
241.38
241.323
241.269
241.219
241.163
241.113
241.08
241.066
241.021
240.987
240.93
240.874
240.815
240.763
240.707
240.650
240.594
240.536
240.481
240.432
240.386
240.407
240.349
240.325
240.296
240.240
240.223
240.171
240.129
240.093
240.037
239.981
239.952
239.899
239.843
239.788
239.745
239.695
239.640
239.585
239.554
239.509
239.453
239.396
239.347
239.302
239.25
239.202
239.147
239.093
239.038
239.003
239.02
238.99
238.942
238.894
238.84
238.793
238.769
238.717
238.674
238.628
238.573
238.549
238.49
238.436
238.380
238.326
238.278
238.238
238.229
238.174
238.121
238.068
238.011
237.954
237.896
237.841
237.826
237.771
237.718
237.663
237.609
237.555
237.519
237.586
237.53
237.483
237.429
237.380
237.336
237.337
237.31
237.259
237.206
237.154
237.099
237.048
236.998
236.959
236.959
236.906
236.856
236.801
236.749
236.69
236.647
236.593
236.536
236.482
236.514
236.487
236.44
236.424
236.369
236.325
236.274
236.237
236.185
236.133
236.108
236.056
236.005
235.954
235.906
235.85
235.801
235.747
235.696
235.649
235.597
235.545
235.49
235.440
235.387
235.335
235.280
235.227
235.190
235.136
235.08
235.025
234.981
234.928
234.874
234.820
234.800
234.745
234.690
234.636
234.633
234.580
234.525
234.505
234.454
234.401
234.346
234.294
234.239
234.190
234.139
234.087
234.039
233.99
233.93
233.883
233.82
233.773
233.718
233.721
233.668
233.618
233.565
233.516
233.464
233.411
233.362
233.309
233.279
233.226
233.172
233.144
233.093
233.037
232.986
232.93
232.880
232.827
232.834
232.823
232.770
232.716
232.665
232.612
232.56
232.514
232.462
232.411
232.357
232.30
232.255
232.213
232.166
232.116
232.065
232.010
231.956
231.95
231.909
231.858
231.807
231.757
231.705
231.653
231.603
231.550
231.507
231.457
231.405
231.383
231.334
231.282
231.270
231.226
231.233
231.181
231.132
231.127
231.078
231.02
230.973
230.921
230.87
230.827
230.77
230.731
230.679
230.638
230.585
230.560
230.510
230.460
230.410
230.357
230.307
230.25
230.230
230.184
230.131
230.109
230.058
230.020
229.970
229.923
229.874
229.822
229.770
229.72
229.675
229.625
229.583
229.531
229.480
229.433
229.384
229.339
229.292
229.245
229.193
229.143
229.099
229.059
229.009
228.962
228.911
228.900
228.84
228.799
228.750
