1451.68468064
1444.36053358
1481.30083206
1555.44922974
1535.03083537
1544.42403011
1517.46453051
1479.95892981
1498.44732938
1471.84213039
1509.22702928
1510.18522756
1527.83832960
1514.94783062
1496.57552983
1496.68332993
1491.73522803
1504.37832816
1508.44692762
1504.13622895
1496.72812683
1507.21732724
1517.27222577
1525.91862525
1525.96382565
1516.51452473
1516.14772709
1518.54032475
1520.68532449
1539.60432580
1535.5139 
1545.28532524
1544.09212386
1534.19332630
1525.30232551
1527.96192609
1525.68632390
1525.49712526
1524.38602397
1521.23682369
1524.28432388
1513.29052472
1506.49202492
1505.80882553
1501.96762490
1497.94422204
1492.46832351
1494.44092306
1487.83062474
1490.36122163
1481.71162515
1484.62842359
1490.60402436
1482.24742345
1472.05652284
1469.53982243
1469.28382401
1469.45212347
1465.85472321
1460.54532438
1457.07612433
1454.05482245
1457.15172419
1456.04802268
1457.09742389
1455.83092449
1449.39662269
1446.24152280
1440.88402072
1438.87842308
1440.17302066
1438.67712327
1435.99412395
1435.28072253
1436.24082028
1436.61272253
1434.13202441
1433.11942268
1428.47542345
1427.15312293
1423.62752337
1426.56772327
1424.01202604
1425.52372559
1423.11102263
1418.48942375
1416.73482495
1416.17952272
1416.606710410
1414.15175275
1414.55142413
1410.67832495
1406.89172351
1410.06942239
1410.25762470
1411.73442320
1408.04462365
1405.64702426
1401.66873074
1400.30012313
1398.05272292
1394.56942448
1393.03942182
1389.94122277
1387.38192309
1385.97722542
1386.58552290
1386.67592364
1386.34572375
1386.72532324
1385.80222542
1386.44972313
1385.98732473
1384.17372194
1381.26112125
1378.81222426
1377.38102104
1375.55142261
1374.74612299
1372.09072273
1370.55752204
1368.12442288
1366.66252444
1365.32522482
1365.64232435
1360.89602174
1359.76142168
1359.07922475
1357.17612210
1354.32042039
1352.27502334
1349.54192524
1347.67942341
1344.45652133
1341.47622299
1341.82162386
1342.92082081
1340.04582572
1338.17652311
1336.98112523
1335.14082353
1335.52482196
1331.38852245
1329.96022141
1330.73792263
1328.58252295
1330.03642356
1328.86052365
1329.46502127
1326.73132380
1325.31032482
1324.76692152
1321.93682373
1318.56422374
1318.59772216
1318.19752157
1316.75002262
1314.33242291
1313.49812285
1311.49312477
1309.50852349
1307.78952235
1305.99062422
1305.33612282
1302.82602427
1302.52992280
1301.30222454
1302.11952150
1301.61532421
1300.65292089
1299.98152316
1299.90862515
1299.34852226
1298.93372245
1296.20892450
1293.47052316
1291.41712402
1290.51572344
1289.79632076
1287.49122350
1286.05442302
1283.48332336
1280.80522081
1279.57552365
1277.36902190
1275.28122159
1273.08412422
1271.62432331
1270.00632409
1269.01522370
1267.16822228
1265.50602333
1263.06052329
1261.65172345
1260.84032233
1257.47015028
1256.51443239
1254.08422432
1253.16842271
1251.52182250
1251.38302372
1250.12412403
1247.71002190
1245.98002358
1245.43402226
1243.68992412
1242.34782221
1241.49352406
1240.00852350
1239.93692518
1238.35432377
1240.13822216
1238.88282318
1235.37142296
1235.55822457
1235.93862159
1236.16942301
1235.14942297
1233.15212282
1233.20472255
1231.82722480
1230.65042286
1229.53722447
1228.25512221
1226.17042381
1224.33542289
1223.59322277
1223.00602806
1220.10272149
1218.98782285
1217.75592379
1217.95052273
1216.81192291
1214.91972159
1213.02272396
1212.15412139
1210.84792274
1209.80652122
1208.04892307
1207.56742164
1206.81172318
1206.42632209
1205.14802292
1203.81772295
1202.21902402
1201.53522220
1200.85712395
1200.00512200
1198.83892274
1199.14092229
1197.20572401
1196.27032467
1195.42352508
1196.39332233
1195.68712168
1194.61642311
1193.00312052
1191.31102357
1190.07382223
1190.70622304
1189.38912293
1187.73062267
1188.03662332
1187.20162364
1186.62532216
1184.35682448
1183.88472180
1182.49662439
1182.43532292
1182.05212244
1181.37732382
1180.03052411
1179.43032355
1178.85452227
1177.69902403
1176.36712455
1174.66532313
1173.02402251
1172.78732335
1171.57632493
1169.46832229
1168.87772174
1167.28202229
1165.49532406
1165.62782216
1166.13272238
1165.31922280
1163.93042157
1162.60282366
1161.55282115
1159.98212207
1157.99042374
1156.79202229
1155.99962269
1155.95002304
1155.22842215
1154.33782192
1154.15412323
1152.51622452
1152.03581891
1151.92192393
1150.73432172
1150.04392146
1148.40792543
1146.59482507
1145.77402157
1145.22352396
1143.59412300
1142.30892218
1142.26442197
1141.61432239
1140.65642377
1139.31622442
1137.47442401
1137.34292529
1136.01712330
1134.63502470
1133.24112404
1132.62852330
1130.77162608
1130.83095875
1129.53784699
1128.75682359
1127.91042250
1127.76992503
1127.10062457
1125.96982463
1125.03982330
1124.34712357
1122.80102554
1122.27292352
1120.67212229
1119.85332437
1119.67632313
1118.57732311
1117.60072147
1116.58892298
1116.19672229
1115.73602257
1115.54042131
1114.54672084
1112.93992228
1111.65422201
1110.55142315
1110.64503764
1110.47352918
1110.57202212
1109.53681886
1107.93242400
1106.73822353
1106.00112346
1105.38752365
1105.54272259
1104.56912452
1103.48782300
1102.58582162
1101.49512470
1100.77042359
1099.62262219
1098.91902428
1098.54332449
1097.35272285
1096.44832376
1095.68292179
1095.53162213
1094.48962261
1093.13942125
1092.14632341
1092.24372022
1090.96762232
1091.12862347
1091.19122188
1090.83622405
1089.75562298
1089.39802310
1088.28782287
1086.63752222
1086.27842327
1085.47652387
1084.81012294
1084.18402486
1083.63222261
1083.52142368
1082.56912003
1081.88162423
1081.13942189
1081.09202434
1079.82992291
1079.27682378
1079.68122239
1079.04292264
1078.07212259
1077.10722321
1076.25303722
1075.94412090
1076.50542373
1076.75122214
1076.79582272
1075.98982090
1075.01292339
1074.66872535
1074.32072147
1073.57952121
1072.99432403
1071.93042342
1070.56602312
1069.70812492
1068.75212178
1068.36352349
1068.05132357
1067.79982265
1066.96382429
1066.33372205
1065.38802077
1064.80972272
1064.04952347
1063.23352595
1062.66842188
1062.06632422
1061.32252352
1061.17382261
1061.39332402
1060.80052159
1060.36942332
1059.56262448
1059.15722331
1058.50962348
1057.80582326
1056.97912087
1056.27462395
1056.38082538
1055.50022259
1055.15982493
1054.13882338
1052.93393240
1052.63522951
1052.57712293
1051.49222387
1051.48642240
1051.06292457
1050.17192377
1050.13062307
1050.33042179
1050.20142270
1049.59252234
1048.72222189
1048.71342453
1048.51792570
1047.99122384
1047.86292111
1046.65622448
1045.97732213
1045.50892553
1044.76902353
1044.46962137
1043.71942769
1043.05932401
1042.56362261
1041.82362320
1040.81958890
1039.672410608
1039.53442341
1039.12572316
1038.48312467
1038.12892357
1037.54142428
1037.53792128
1037.81172333
1037.68172554
1037.37212446
1038.35262109
1038.28442158
1038.82562125
1038.59412817
1037.95272486
1037.96313138
1037.93602338
1037.78982286
1036.99852426
1036.48742321
1036.05142665
1035.22612746
1035.76772104
1036.06972143
1035.66342412
1035.64632468
1035.92822341
1036.38132201
1036.47302376
1036.37712555
1036.45602343
1035.83962179
1035.28142423
1035.10632055
1034.86692321
1035.26572254
1035.20012218
1034.94052366
1035.36072578
1035.01572435
1035.68632336
1035.31952491
1034.79732194
1034.95912310
1034.74992313
1034.71392410
1034.02942362
1033.44272478
1033.21802382
1032.78632153
1032.56832372
1032.26382318
1032.39602246
1032.52422230
1032.23532334
1031.75662219
1031.22422188
1031.28842171
1031.48512271
1031.31792306
1030.94572280
1030.65702355
1030.40612210
1029.83162539
1029.97062337
1029.74972144
1029.69162247
1029.10293369
1029.34142396
1029.13912384
1028.69612413
1028.42692387
1028.65952199
1028.03072231
1027.96792171
1027.62532596
1027.54712312
1027.63502366
1027.14102190
1027.08912444
1027.40912548
1027.28932351
1026.83822334
1026.48572288
1026.16412293
1025.84372158
1025.50842272
1025.23942172
1025.11792375
1024.67222325
1024.26502312
1024.07422155
1023.68552323
1023.49822152
1022.97712306
1022.65482409
1022.84102440
1022.30022340
1022.58432151
1022.68452150
1022.41732322
1021.92632005
1021.51542288
1021.18522479
1020.66522542
1020.21382232
1020.21492433
1019.84822362
1020.18652331
1019.88122266
1019.80601998
1019.23902214
1018.94692299
1018.59172243
1018.26772128
1018.42482410
1018.26742278
1018.01772060
1017.74653162
1017.38842176
1016.94132315
1016.65852270
1016.64912317
1016.39712064
1016.39082496
1015.79252303
1015.93892077
1015.37742210
1015.64742160
1015.62972307
1015.66882321
1015.20652252
1014.49062405
1014.37652419
1014.27402392
1013.78972259
1013.83542400
1014.34852139
1014.67542059
1014.80012178
1014.91602021
1014.40902112
1014.01612327
1013.92022037
1013.88532279
1013.82742143
1013.63142310
1013.99402002
1013.78612228
1013.44682098
1013.66542535
1013.41862299
1013.59152206
1013.40482319
1013.28492364
1013.32222135
1013.75362106
1013.49502193
1013.24542319
1012.90062307
1012.68262286
1012.45762025
1012.11982238
1012.52802270
1012.31112315
1011.76462191
1011.53742113
1011.88742233
1011.60582244
1012.01472503
1012.03702270
1012.05842333
1012.27782199
1012.10882114
1011.78922123
1011.50762238
1011.50032377
1011.64902270
1011.71742381
1011.31432363
1010.88202344
1010.66852346
1010.08352327
1010.43972281
1010.47522280
1010.26902386
1010.08242487
1009.92302244
1010.22972314
1010.21502454
1010.38642410
1009.92672222
1009.93212337
1010.00792073
1009.29082163
1009.29662401
1009.43572499
1009.47622334
1009.89032313
1009.49752229
1009.08582238
1008.74982264
1008.79972308
1008.40192303
1008.02272505
1007.84372251
1007.28302186
1006.81522256
1006.64212132
1006.85352246
1007.24812065
1007.62922180
1007.02692266
1007.01992231
1006.79572316
1006.36232213
1006.07222300
1006.21292253
1005.99052419
1006.08732511
1006.12882423
1005.95342406
1006.03442307
1005.57392367
1005.90352252
1005.68812400
1005.78042302
1006.18622252
1006.00892352
1005.73902207
1005.48552185
1005.35132273
1005.43692248
1005.61332314
1005.77671964
1005.79852183
1005.49352260
1004.90372243
1004.28742227
1003.89072389
1003.23332436
1003.15472259
1002.50132296
1002.13272257
1001.68942273
1001.64772215
1001.22882365
1000.67382189
999.9877
999.51462194
998.97442192
998.41752332
998.49382397
997.82442541
997.32482306
996.77042311
996.10182166
995.48822049
994.89832385
994.60692179
994.26762173
993.87015461
993.33482246
992.66002359
991.97782476
991.48672154
990.76192435
990.32292288
989.83102315
989.28422414
988.99632274
988.36572165
987.68532240
987.59202331
987.03322168
986.66163104
986.22682020
985.42812222
984.88952240
984.35932123
983.94572374
983.44162790
982.93982152
982.61322487
982.00512107
981.63032368
981.67622235
981.29612167
980.78172310
980.32552248
979.70292228
979.42092260
978.73802208
978.50031957
978.18702332
977.84732465
977.33332221
977.00132250
976.66592391
976.12362239
976.05492191
975.69812091
975.28382270
974.57612294
974.00352445
973.48262218
973.24542152
972.85522191
972.31693919
971.65982264
971.00352409
970.62452417
970.14982480
969.70682394
969.50102203
969.05362353
968.42242252
967.70602237
967.27342321
966.94032350
966.70492327
966.14452266
965.57412391
965.05972218
964.44192215
963.88832169
963.39052218
962.83862329
962.31732296
961.82622149
961.80022421
961.59802306
960.99782504
960.35472172
959.71832175
958.97582448
958.48572192
957.83982287
957.25382396
956.83322291
956.33822302
955.94232246
955.52992465
954.97002358
954.77432227
953.97162174
953.54992281
953.15122316
953.32642181
952.88302226
952.23502235
952.06622134
951.38642179
950.97112287
950.57892421
950.21693222
949.82882279
949.42462320
948.83662398
948.50222348
947.96612425
947.49532490
947.02482133
946.47782308
945.92172278
945.26342399
944.84622224
944.26832325
943.99282219
943.37562229
942.63952231
942.05862350
941.66042267
941.31712232
940.78992371
940.50642245
939.88082252
939.46762302
938.98892409
938.39252318
937.84752309
937.34982185
936.87002383
936.40012296
935.99112267
935.55902508
934.98252344
934.30332166
933.59492302
933.12782346
932.76032280
932.56662268
932.01332035
931.47452183
931.39582308
930.88552230
930.64922739
930.26672338
929.56942309
929.04192335
928.60522187
928.06752366
927.64282231
927.09262241
926.75662632
926.43352211
926.02122442
925.37692240
924.92702386
924.46142608
924.19672200
923.73122394
923.49752549
923.23942205
922.74582262
922.17522362
921.79542276
921.51522448
921.28292326
920.92242080
920.77672347
920.50172093
920.21722195
919.98732126
919.58652459
919.13162096
918.57721930
918.58022422
918.19302562
917.71732403
917.54392309
917.02122515
916.66812455
916.31552097
916.25172368
915.80532194
915.63252094
915.17822456
914.78072354
914.53952316
914.10352315
913.86692304
913.50942302
913.30492134
912.91102200
912.30502074
912.05752371
911.58582319
911.19052231
910.91602059
910.55452528
910.18442455
909.63982151
909.34432461
908.87902341
908.54242405
908.13632373
907.99022175
907.62492111
907.09062276
906.78192263
906.55302429
906.10602154
905.81072276
905.77982143
905.57562219
905.47502113
905.19512156
904.84072166
904.46992240
903.89422343
903.27302513
902.96581990
902.46202483
902.26832139
901.90442210
901.60562657
901.19832364
900.60612180
900.45492099
900.34332002
899.96852182
899.66192171
899.34312150
898.99872357
898.35062359
897.75172419
897.29922771
896.72882173
896.32812449
896.10142213
895.67632330
895.15412324
894.93972564
894.26902052
893.91402402
893.48362566
893.23022538
892.77152161
892.42812227
891.88422431
891.73982443
891.43302084
891.20432188
890.67032286
890.24772091
889.89962291
889.70652429
889.18082324
888.65762277
888.03972174
887.60432273
887.16242382
886.77512286
886.28412361
886.04652336
885.50112311
884.92712172
884.35052571
883.98232289
883.49902262
882.94252417
882.33642141
881.99732229
881.53962216
881.23052356
880.80542315
880.40862222
880.09912321
879.56632576
879.15882267
878.65232236
878.31522331
877.83552238
877.41892412
877.17322918
876.68982532
876.63342191
876.24272346
875.82792322
875.26512200
875.08792383
874.72922370
874.30312124
874.03412051
873.71962416
873.39782111
873.15702383
872.96702267
872.64892384
872.30422307
872.21592287
872.18302172
871.90162178
871.48372455
871.12532443
870.76442234
870.32892251
869.87682233
869.54802192
869.04642294
868.49072265
868.06742346
867.90562037
867.66162254
867.22402379
866.87772271
866.50172485
866.13342319
865.83902238
865.42322265
865.14472189
864.85432212
864.51142093
864.04192048
863.74552663
863.40092243
863.10002241
862.60972158
862.22602118
862.02292321
861.83572311
861.33152435
861.00652827
860.65322216
860.30012397
859.95612376
859.59182617
859.23792391
858.75822514
858.37992232
858.01512375
857.55222143
857.22732099
856.75152022
856.41322167
856.05302364
855.56172263
855.07322231
854.51282245
854.07682198
853.59302192
853.13882225
852.68682299
852.28652176
851.90482245
851.57652346
851.07762265
850.61792494
850.45302417
850.19532132
849.72892447
849.33232004
849.23262481
848.75182282
848.25362180
847.79442418
847.27432385
846.86622514
846.41212385
845.94322359
845.52312452
845.22692301
844.74902118
844.48772314
843.99312335
843.59392448
843.32662496
842.94362241
842.57732461
842.37512311
842.02022220
841.86692386
841.54732143
841.15452383
840.79062361
840.59312272
840.17522299
839.67382508
839.40182289
839.05242296
838.76302187
838.38302262
837.97682284
837.65087099
837.45822480
837.00012417
836.75842210
836.40312204
836.09562355
835.75632415
835.34912113
835.10282437
835.06352106
834.75212423
834.39241978
834.09602392
833.76032163
833.52662353
833.24862345
833.13262222
832.98752791
832.56292132
832.11182366
831.88352374
831.54592445
831.35312256
831.08672415
830.80082109
830.49372474
829.99652298
829.79262033
829.58402714
829.21302445
828.91312146
828.62982301
828.37802379
828.08642364
827.76882084
827.31812378
826.90572360
826.43552255
826.06402280
825.73052401
825.35662391
825.18622280
824.76722475
824.61502251
824.34152399
824.10662342
823.75062115
823.53552431
823.38182166
822.93912299
822.50382494
822.05892316
821.67792283
821.45812265
821.37512156
821.24702306
820.85512280
820.43962370
820.20142353
819.82602456
819.38312198
819.26662314
818.82392507
818.60762340
818.49992352
818.17232595
817.92832054
817.51812264
817.09222210
816.72062368
816.41062096
816.00752340
815.55682187
815.21802178
814.98732341
814.58482255
814.43552634
814.40932238
814.04782050
813.76022136
813.35472429
813.10142208
812.79382218
812.44022260
812.05282010
811.70492239
811.34692323
810.88362057
810.41782236
810.10382390
809.75652282
809.65892311
809.37612425
809.11462292
808.98912268
808.77622147
808.30462122
807.87482227
807.47172287
807.13242257
806.76422446
806.33722213
805.96332270
805.68562210
805.31282429
804.99172080
804.73182129
804.37732297
804.15622318
803.83002159
803.55052490
803.18892362
802.75362150
802.49932120
802.17952364
801.74482354
801.45652334
801.06512286
800.73142296
800.34532349
800.07572015
799.90152209
799.66402511
799.45562226
799.11822569
798.80912218
798.40692141
797.93872588
797.57202406
797.23882286
796.88812219
796.49662372
796.09792517
795.88722265
795.55352235
795.27872365
794.86942462
794.41532102
794.05222286
793.63412066
793.46532266
793.10632374
792.71382270
792.40492479
792.00592338
791.61472450
791.36332384
790.93262208
790.49482189
790.14463250
789.74812445
789.38532616
788.98832194
788.88172446
788.74492286
788.46992302
788.38692322
788.21782359
787.86762269
787.55442270
787.22232374
786.99742269
786.66442424
786.30802368
785.90812276
785.55642286
785.46182230
785.10832320
784.73562232
784.45652264
784.28172156
784.09882285
783.83892389
783.51972397
783.36932352
783.09932182
782.77332204
782.36892267
782.19372151
782.04512289
781.92572540
781.66122278
781.34562382
781.00422370
780.61962338
780.34522431
780.13722376
779.82222257
779.47802213
779.17701993
778.86122222
778.63062363
778.31132310
778.21842470
777.82302497
777.65932178
777.43822239
777.07302440
776.73372215
776.51372440
776.26522207
776.12092424
775.80612381
775.37262103
775.02322461
774.83462233
774.56982206
774.36772431
774.19112601
773.91932251
773.72962240
773.45142134
773.16672278
772.86802212
772.51332427
772.09842359
771.76722392
771.37802001
771.02362303
770.65432200
770.27822246
769.92922265
769.81492357
769.45822202
769.08312355
768.85242425
768.52312303
768.20672157
767.81922487
767.67052312
767.44062344
767.18312254
767.08992381
766.76382312
766.55272235
766.28542369
765.92172398
765.71002245
765.45212315
765.13392355
764.83312401
764.79122293
764.73382508
764.45412332
764.20782251
763.96462258
763.84152179
763.75112332
763.52432429
763.22892228
762.92842269
762.52432316
762.38002295
762.16722369
761.88272143
761.60222233
761.38042205
761.06782296
760.77492234
760.39072432
760.31562186
760.14472268
759.80322169
759.53012107
759.37122464
759.14242298
758.94422409
758.64032256
758.38832298
758.16482330
757.95162338
757.73492353
757.53982255
757.22412385
756.98452334
756.67052304
756.35382512
756.08752245
755.79312244
755.46042366
755.19012418
755.02592373
754.70972166
754.55052030
754.14442385
753.78422283
753.48392457
753.18651971
752.86622490
752.53962342
752.19952161
751.85552149
751.47242347
751.14402297
750.97302303
750.67302131
750.38342145
750.08372327
749.79022452
749.45442378
749.26971961
748.95002209
748.75242539
748.44052441
748.07252241
747.78172166
747.64752278
747.37942476
747.09122091
746.86722258
746.69582325
746.49772225
746.24702341
746.00182497
745.92332287
745.67682293
745.45252339
745.29172419
745.02542310
744.76352290
744.45802253
744.20552307
744.03432244
743.70912203
743.49392451
743.29352324
743.14472307
742.96572464
742.74762106
742.55182361
742.24102237
741.97232274
741.65042296
741.34112236
740.95702408
740.72512256
740.53212382
740.35352394
740.05812259
739.82852253
739.56122418
739.32902431
739.25672371
739.01632385
738.78332048
738.43802283
738.17962217
737.98012367
737.67692383
737.37642273
737.09892317
736.92372120
736.61702202
736.29262298
736.02182230
735.72642111
735.36302410
735.07422276
734.98102288
734.69162321
734.36932273
734.07832236
733.78662374
733.56832225
733.24002074
732.88322299
732.60452194
732.32602130
732.04352660
731.73132195
731.45202259
731.51492300
731.35142065
731.04282434
730.93842111
730.61262326
730.41372096
730.14592339
729.79092241
729.56362186
729.31172261
728.98152049
728.70012109
728.47222211
728.17012626
727.90332252
727.73612229
727.47372224
727.17522430
726.85572411
726.70262198
726.46662540
726.16362421
726.01712466
725.91272094
725.77132190
725.56372135
725.29152393
725.06582412
724.82392310
724.60062383
724.32202510
724.01142297
723.74602350
723.47252304
723.31802285
723.09952150
722.81862485
722.57422297
722.29492259
721.99293049
721.86962219
721.64962347
721.46752363
721.24512229
720.97332250
720.70462568
720.51832334
720.35022117
720.09112247
719.78722224
719.57812312
719.34512207
719.04412395
718.75512249
718.61422379
718.39592161
718.22202208
717.97782258
717.74532118
717.40872405
717.15622295
716.86942140
716.60722119
716.43212380
716.15012269
715.88422256
715.75412054
715.58732300
715.38662079
715.22092331
715.13672366
714.93402122
714.75612054
714.53302364
714.23692371
713.94402339
713.64552278
713.49832224
713.43792246
713.25222256
713.08422472
712.79131994
712.57592218
712.37802390
712.30642433
712.09532339
712.01872340
711.78902198
711.55672046
711.40802191
711.21082184
710.99872057
710.74582315
710.61292292
710.41652261
710.14082080
709.87672228
709.56982105
709.33582211
709.05832300
708.74522372
708.50182240
708.22982399
707.92842132
707.6442
707.36582368
707.10182257
706.90652115
706.78212116
706.54052317
706.42862292
706.41492409
706.32272058
706.17811930
705.95792184
705.73242543
705.46962267
705.29672374
705.22372227
704.97392419
704.76122221
704.58332068
704.44252505
704.19012176
703.91222264
703.74692028
703.77662080
703.45262287
703.22942218
703.04792271
702.74402257
702.46512007
702.17652230
702.10342330
701.83402265
701.59462343
701.34812419
701.10432401
700.87762252
700.71402415
700.47942432
700.21992184
700.05032281
700.02062250
699.76552247
699.48812433
699.31542003
699.20312254
698.97742209
698.77302123
698.60722343
698.43292278
698.18492264
698.01002123
697.86152385
697.62122332
697.41752383
697.20992450
697.56472067
697.71632364
697.95862079
698.21912111
698.40422223
698.60872205
698.84552294
699.11572303
699.26572209
699.64142171
699.78332218
700.15812543
700.31432148
700.26484496
700.49362221
700.79542223
700.93982284
701.28932212
701.61322166
701.80682352
701.99602329
702.43112139
702.73842135
702.85492166
703.17502385
703.70622154
703.96342226
704.27062185
704.45912432
704.69932155
704.86042242
705.11922125
705.26902215
705.39182273
705.61402223
705.82222303
705.87072268
706.08572151
706.30052328
706.42892423
706.86162170
707.13092340
707.27852186
707.54382042
707.72232031
707.81922319
707.98502240
708.23462042
708.66222317
708.91262312
709.20962207
709.31182148
709.46732315
709.67642250
709.76532143
709.96062232
710.52142274
710.87172315
711.18271890
711.38642216
711.78462114
712.22502149
712.64802105
712.84212311
713.10402062
713.37872276
713.57132164
713.73142282
713.98242421
714.27112207
714.43412191
714.57212246
715.01752184
715.25852229
715.66012059
715.87912294
716.20602134
716.75282051
717.16842442
717.49982266
717.75162219
717.99032242
718.38412183
718.62712264
718.90552009
719.34842280
719.53532135
719.98452233
720.14052189
720.20932246
720.14942125
720.15882160
720.21712384
720.29322342
720.43872243
720.43042020
720.45852324
720.78522178
720.84332338
721.36892187
721.68833576
721.84302117
722.03611995
722.28922168
722.73142446
723.07752309
723.20652139
723.32622347
723.61382195
723.91602225
724.11152136
724.38672059
724.69392092
725.04972337
725.28382244
725.69832315
725.99732175
726.15062212
726.29782146
726.58302177
726.79842317
727.18382234
727.31432289
727.54832108
727.70892292
727.90902308
728.17622085
728.59082318
728.81682241
729.04712104
729.44192378
729.88232320
730.38292281
730.80332140
730.97992083
731.09062344
731.35002348
732.07712069
732.31132195
732.51852056
732.63452162
732.86102579
733.20642194
733.36162240
733.59972098
733.83422186
734.03992213
734.27772745
734.46932399
734.67872043
734.77322357
734.99182135
735.21492119
735.63502287
736.02302117
736.35062391
736.69902220
736.74332157
736.82112398
737.10782473
737.50622264
737.76872087
737.89042104
737.91962528
738.21442031
738.56532471
738.74032270
738.80802191
739.02812288
739.26952295
739.31752215
739.52042326
739.51432121
739.67862344
740.05862233
740.28042351
740.60002131
740.84462172
741.01702224
741.23902125
741.65882270
741.95502185
742.23132231
742.40502271
742.58472355
743.06072171
743.38272046
743.72212187
744.02132065
744.19782295
744.58222139
744.86772193
744.97982268
745.19002304
745.51722451
745.88892149
746.11732253
746.36802362
746.58122277
746.81432171
746.99452255
747.09932264
747.29272142
747.40752272
747.73122244
747.86042301
748.02462233
748.30512038
748.72741979
749.00942062
749.04942237
749.13292449
749.27292007
749.32092201
749.58472128
749.71682440
749.83212107
750.09232225
750.35582263
750.64302111
750.88512172
751.14712283
751.56232267
751.75112078
752.10342256
752.19692200
752.47492058
752.79632108
752.93742092
753.08792354
753.12222267
753.40832256
753.59742084
753.71792289
754.00262321
754.25842243
754.58072344
754.93362013
755.18702320
755.35482189
755.87632514
756.29422110
756.50722242
756.72202148
756.77742276
756.85572174
757.14382319
757.22302212
757.41622347
757.68102214
758.04252276
758.30592364
758.48942250
758.41512154
758.52372037
758.77392348
758.87412297
758.86542479
759.21472210
759.45802380
759.66392308
759.89722199
760.18912222
760.38242220
760.59172186
760.79772065
760.89462268
760.95522108
761.12622202
761.33842286
761.58312333
761.73842294
761.99062257
762.25532348
762.48252044
762.98502232
763.38862125
763.53042165
763.66432193
763.91872366
764.03552180
764.21162293
764.39002244
764.59672333
764.81362231
764.88402286
765.03162128
765.15442108
765.34582347
765.50232369
765.84042047
766.05652292
766.13732245
766.52602088
766.71342118
767.04402044
767.03972032
767.00102327
767.22582088
767.36642161
767.64252177
768.01522310
768.20522141
768.39572235
768.68572335
768.94522376
769.14712341
769.43632249
769.60962405
769.86102102
770.20432333
770.68292038
771.11722106
771.54712286
771.67052216
771.75192162
771.78542070
771.95572347
772.07132304
772.31252046
772.65522152
772.8905
773.02122158
773.33132088
773.42912244
773.48372328
773.68622152
773.74802196
774.31982086
774.62002167
774.85352154
775.12012174
775.43642263
775.49912225
775.70892031
775.72562267
775.73482066
775.95502078
776.08872013
776.14462240
776.46032118
776.60222225
776.74852297
776.90732238
776.96882159
777.27452197
777.57422241
777.89742325
778.05892247
778.11922387
778.20592076
778.16442273
778.53592205
778.77612391
778.93362155
778.87822354
778.89702309
779.01852248
779.29152450
779.5245
779.62312177
780.01322401
780.29151