1451.52643553
1723.77773317
1739.83943271
1739.38853399
1719.88143416
1689.07733344
1642.83943491
1614.43783516
1594.37493381
1590.03693523
1626.74313248
1622.65513364
1608.46743087
1629.66443258
1644.64593209
1636.60383151
1641.90643228
1651.50533131
1643.49953214
1648.56243138
1642.64643257
1645.58613063
1633.30893092
1643.19112944
1654.21543017
1645.55222886
1658.89712980
1654.53482767
1651.22213096
1637.59823041
1637.39973025
1651.74312823
1652.37202817
1662.28593024
1665.71344440
1670.25593042
1671.892517005
1667.68024847
1665.54862760
1667.36102785
1656.15693011
1654.92173061
1654.68512828
1651.02273093
1650.10812577
1646.50703041
1649.17862600
1648.42982685
1640.36272763
1637.22302885
1645.65122798
1638.02472819
1642.04142765
1633.80462644
1626.88792958
1619.03212940
1620.32442676
1613.94712740
1612.19882777
1609.41162676
1614.65302809
1616.32082796
1616.67432519
1616.80742826
1612.70232829
1606.70282801
1601.86152734
1603.08942564
1602.23072745
1603.90492667
1605.89934408
1605.96332655
1601.95992767
1600.95492636
1607.50182564
1606.07132873
1598.07582769
1597.64502729
1599.37472845
1608.06392617
1602.46932798
1598.44882787
1592.39732865
1589.90322587
1592.19662659
1589.96002624
1588.22032634
1585.64482406
1582.75002575
1582.33592823
1582.64482646
1582.67122779
1583.94062544
1578.94552577
1579.50522610
1578.75612731
1581.04722469
1578.01392477
1573.88462535
1574.41822654
1574.275224962130
1567.81132468
1565.194624052276
1557.917124082291
1554.20102451
1551.31562391
1553.53662417
1553.23522277
1555.43662143
1552.91682401
1553.91682345
1552.76592342
1552.61732489
1551.18572321
1550.69572294
1549.68622357
1547.82762362
1548.66822459
1549.59362311
1548.73652217
1545.58552308
1545.05382288
1544.26312338
1540.51132267
1540.19842448
1534.12842355
1532.67042429
1533.95252263
1534.67042411
1531.22422340
1531.61742222
1530.20522395
1529.05242166
1526.96432339
1524.72542483
1524.27412761
1520.68122208
1517.13982285
1515.75442272
1515.20532230
1514.49902228
1511.67192502
1512.18152281
1511.43382394
1509.12602416
1507.40852367
1507.76242334
1507.85352310
1506.98222318
1504.27872148
1502.12232605
1504.19982429
1500.08712146
1496.84672343
1495.15502297
1492.82192286
1491.95502281
1488.84122448
1487.52512183
1486.59832129
1484.49512685
1477.23472185
1475.24052186
1475.63392451
1473.11092308
1469.94642474
1467.78092303
1466.45022124
1464.22472353
1464.11452173
1461.63442625
1460.43762456
1459.669011666
1458.118217289
1456.28146852
1453.68452851
1452.80203224
1452.25652300
1450.72242226
1448.53942117
1448.21882326
1449.52092850
1450.25722223
1452.44392346
1451.35192282
1451.16022225
1450.42272303
1448.62892406
1448.35092259
1448.51552377
1446.51622336
1446.44762078
1444.58722325
1443.80882294
1441.87752341
1442.42972411
1441.98542241
1440.72392452
1439.98522177
1438.91662276
1437.61402237
1435.29932306
1434.29962201
1433.67092135
1432.64982249
1431.28492106
1428.47962508
1426.34512250
1425.14972314
1423.70172254
1420.93701912
1419.51132244
1420.35592101
1417.52172165
1416.22112327
1415.35912257
1414.28222305
1413.01152090
1412.00152263
1410.88212302
1409.18882257
1407.43952390
1405.64982351
1403.96762468
1401.83292330
1401.08362410
1399.94592303
1399.92022288
1399.02302286
1397.46712391
1395.68042287
1395.43242231
1393.81262331
1392.53833701
1391.14012487
1388.56832223
1389.06302287
1388.80062347
1388.73562356
1388.64712183
1387.00602216
1384.92482268
1383.16682280
1381.08222411
1379.04232236
1376.86212000
1375.49492450
1375.39152178
1373.17452193
1372.08831938
1370.13812343
1369.27872223
1367.55622273
1370.98482260
1369.13922240
1367.71522307
1366.19142417
1363.80522055
1362.91692323
1362.22892465
1360.83102341
1360.45181959
1359.67002041
1357.49412330
1355.68961996
1354.09772352
1354.58192374
1352.74662316
1352.83692305
1351.67482269
1350.74822501
1350.12042087
1350.19412228
1348.61602378
1348.24532063
1346.38522586
1345.94102300
1343.95982327
1343.26952163
1341.45952310
1339.72532526
1338.34712425
1337.72882477
1336.58922144
1335.95072096
1334.97952302
1334.32172204
1332.04672457
1331.33622249
1329.89562433
1328.58782281
1327.42902334
1325.68302117
1324.14982143
1323.47472119
1321.89712089
1321.30322277
1320.70452087
1318.46062300
1317.24482136
1315.89012272
1314.93192158
1312.78822184
1312.13442276
1310.92452268
1310.12752354
1309.51382249
1308.62852146
1307.36862164
1305.70152235
1305.28472373
1303.27032132
1302.22582260
1300.82672530
1299.78812188
1298.89112409
1297.45622327
1295.87455315
1293.74266056
1292.66432456
1292.20672363
1291.02362513
1289.15072560
1287.49482147
1286.79112250
1284.85232344
1284.07332271
1283.25792378
1282.00942292
1281.27652158
1280.09262465
1278.52102167
1277.35122300
1275.91092441
1274.85672152
1274.03152324
1272.26832189
1271.51342275
1270.04062277
1269.05222225
1267.52972096
1266.50852198
1265.54502230
1264.83762438
1265.19272239
1263.97431998
1262.60942423
1261.35662502
1260.19632107
1258.85932419
1257.35062808
1256.56982285
1255.40182661
1254.66482273
1254.46442295
1254.31862431
1253.10772385
1251.93752298
1251.74052412
1250.41992076
1249.65052239
1248.78032209
1248.48822203
1248.11092191
1246.34341922
1244.98882178
1243.83292317
1243.11952275
1242.51122308
1240.49252433
1239.42882343
1238.42722357
1237.98132257
1237.55802370
1237.76122414
1236.92282278
1235.30392676
1234.35882478
1233.56352436
1232.30372173
1231.74772281
1231.17442479
1230.92672437
1230.06622260
1229.47252139
1228.37672098
1226.98232422
1226.11742230
1225.88382246
1225.58312223
1224.99802491
1223.98642100
1223.22412397
1222.93382349
1221.30722247
1220.75132023
1220.72732223
1219.88812375
1219.28102270
1218.05932386
1217.38192246
1217.11332296
1216.72202271
1215.72852153
1214.85742270
1213.95242177
1213.67282296
1212.37362238
1211.18172470
1211.00402217
1210.42112268
1209.37642101
1208.49282175
1207.67452336
1206.61382340
1206.13242311
1205.84982428
1205.28422156
1204.62562176
1204.13162195
1203.04642175
1202.05902289
1201.57302267
1200.64842137
1200.45652157
1199.85002364
1198.80652145
1197.84702137
1196.99642152
1196.01402194
1194.82692307
1194.41242346
1193.57542275
1192.58892511
1191.59132241
1190.86782267
1190.23642323
1189.30502546
1188.35402357
1187.05082446
1186.33452547
1185.55992208
1184.04532277
1182.94132114
1182.75862322
1182.55962182
1181.90792360
1181.01842309
1180.31912347
1179.25172266
1178.12372076
1177.70352267
1176.85172281
1175.87672270
1175.10542240
1174.74192362
1173.88752313
1172.81362398
1172.01872323
1171.04362260
1170.56952463
1170.57662181
1169.65862488
1168.58642311
1167.57772020
1167.00862056
1165.94762433
1165.20182249
1164.78892359
1164.78522209
1164.22782287
1163.49622448
1162.49882402
1161.66212316
1160.81572221
1160.22912287
1160.18172279
1159.13042285
1158.32712176
1157.71412183
1156.89322379
1156.23972051
1155.61182362
1155.27672163
1154.70562259
1153.91802162
1153.48262206
1153.08672376
1152.09502381
1151.24072391
1150.98512085
1150.18242314
1150.23842270
1149.45022515
1148.47302280
1148.43052256
1148.21212069
1147.48182257
1146.47002240
1145.70302175
1145.00662275
1144.52292152
1143.38002031
1142.65462306
1142.02682370
1141.25362194
1141.06232277
1140.13362044
1139.68592068
1139.28662056
1138.32932218
1138.16992196
1137.39332287
1136.78762250
1136.19032286
1135.42292319
1134.58122306
1133.81603931
1132.86635449
1132.10022452
1131.68732438
1131.45362296
1130.86352131
1130.25742411
1130.10262473
1129.43072039
1128.94732373
1127.82942325
1127.58972574
1126.60802408
1126.05722301
1124.89962192
1125.00412257
1124.52892219
1124.50892317
1124.31662154
1123.75162315
1123.90292400
1123.39092384
1122.86322289
1122.08672469
1122.22172255
1121.67022060
1121.37232207
1120.97162170
1120.16412201
1119.52032292
1119.03822229
1118.76352326
1118.28486237
1117.86492463
1117.49162207
1117.20472250
1116.61612303
1115.68502279
1114.97672150
1114.31482422
1113.96742276
1113.51952211
1113.46472299
1113.47112306
1112.96692381
1112.61722343
1111.85632369
1111.01062172
1110.73352348
1110.25632166
1109.80502514
1109.42422404
1108.90012407
1108.53482498
1108.44432395
1108.07062183
1107.86522221
1107.12752250
1106.39802407
1105.97412341
1105.30892368
1104.50212414
1103.87842322
1103.34822418
1102.82812369
1102.47662210
1102.26542243
1101.79102261
1101.38472524
1101.33732358
1100.81152257
1100.48122345
1100.31032219
1099.88902127
1099.47352222
1099.10441952
1098.67072141
1097.85852156
1097.59282309
1096.87652263
1096.41002365
1095.76442253
1094.99372221
1094.37132224
1093.76892274
1093.38362419
1092.62322163
1092.10452202
1091.88012401
1091.46862402
1090.88142304
1090.60642220
1089.87532101
1089.09312263
1088.67322296
1088.46982332
1087.65672069
1087.00902279
1086.52752136
1086.07662175
1085.25252186
1084.44262191
1083.55282136
1083.43302356
1083.14792126
1082.91422297
1082.66682119
1082.14112029
1081.57802140
1080.96192350
1080.43502252
1080.39302241
1080.26472433
1079.80182292
1079.27782371
1079.02522198
1078.34052265
1077.38432269
1077.16852254
1076.88941996
1076.73552242
1076.24202425
1075.79792284
1075.21462337
1074.87752338
1074.55622103
1073.99972313
1073.33372228
1072.70602358
1072.11232344
1071.23372100
1070.59532373
1069.96632306
1069.49892057
1068.78562449
1068.27112436
1067.51382323
1067.24402236
1066.65742172
1066.51402331
1065.95392393
1065.51882293
1065.09162373
1064.53242200
1063.92752372
1063.30692252
1062.73642315
1062.18362244
1061.62232270
1060.80712300
1060.26402224
1059.46812378
1059.33952076
1058.87162188
1058.22502173
1057.82862166
1057.00862210
1056.35012339
1055.65582290
1055.11732730
1055.13242328
1054.43532317
1054.02962240
1053.92092256
1053.53722294
1052.73952394
1052.27372344
1052.18102302
1051.47352065
1051.36912237
1050.86752503
1050.39522353
1050.04452426
1049.42092373
1049.35102139
1048.97362133
1048.63732285
1048.48502093
1048.07422321
1047.34502248
1046.94342246
1046.79022197
1046.09732138
1045.65322900
1045.40212362
1044.81102349
1044.38282221
1044.07762258
1043.64332306
1043.11852268
1042.40382023
1041.92082247
1041.41982254
1040.82182157
1040.61172412
1040.69862141
1040.07742286
1039.88952236
1039.61002280
1038.96122093
1038.96782378
1038.77492490
1038.18192168
1037.63112199
1037.09282383
1036.83792297
1036.35952350
1036.08772250
1035.87342171
1035.73852392
1035.36632197
1035.12162371
1034.85162211
1034.15012270
1034.20402115
1033.86722460
1032.99432184
1032.21432187
1032.10322408
1031.88872147
1031.55462052
1030.97552222
1030.55352352
1030.34122233
1029.90622478
1029.73932210
1029.39202198
1028.74052074
1028.59702337
1028.25552346
1028.08072315
1027.79792348
1027.61902358
1027.48032478
1027.11332202
1026.38752152
1025.86982383
1025.53362215
1025.27792300
1024.54072404
1024.12202193
1024.05782270
1023.64512191
1023.53602423
1023.33852295
1022.99582008
1022.68462243
1022.18312232
1021.64682343
1021.15892341
1020.94922158
1020.50552177
1020.42812256
1019.93882340
1019.23482194
1018.61272334
1018.00402258
1017.43772378
1017.35422204
1016.87492233
1016.47642356
1016.28592339
1016.36562158
1016.03332293
1016.03562453
1015.50602217
1014.87702130
1014.43942123
1013.86322348
1013.40842209
1012.78422343
1012.19262312
1011.88252137
1011.45322120
1011.02642101
1010.65662347
1010.09042518
1009.81622370
1009.42462308
1009.07602479
1008.54192287
1008.03182276
1007.62162405
1007.73622286
1007.54272129
1007.69662457
1007.34162278
1006.71792299
1006.30862379
1006.12162158
1005.77492368
1005.37902191
1004.90312039
1005.01862549
1004.32092119
1003.86994681
1003.22213908
1002.65552276
1002.31472652
1001.78102303
1001.23762388
1000.86422417
1000.32212321
999.65362476
1000.11252204
1000.47062164
1000.74932184
1000.77612289
1000.63512481
1000.70352406
1000.62292401
1000.83662246
1001.12202491
1001.23882297
1000.94682613
1000.84722149
1000.42472372
1000.28832215
1000.44212387
1000.53522114
1000.40272237
1000.24492491
1000.12862392
1000.31402235
1000.11852299
1000.20032350
1000.07212233
1000.14982335
999.83892171
999.56542057
999.44372300
999.34262292
999.04662284
999.00822462
999.28832480
999.10402323
999.42152374
998.91102611
998.74732268
998.70822456
998.70182131
998.92012246
998.74452241
998.47282091
998.60502202
998.42802058
998.23342337
998.39122212
998.07382302
998.03022402
998.34392185
997.98102035
997.88972207
997.93112259
998.28382154
998.53842316
998.69322012
998.95562404
998.59142064
998.40672382
998.44282155
998.17422204
998.37452238
998.31752007
997.98652215
997.89152418
997.70952403
997.42072064
997.11482375
996.85852346
996.45542096
996.06642234
995.66202311
995.31322304
995.18962237
994.79662306
994.50292211
994.06022366
993.51122343
993.33672111
992.98232321
992.42602306
992.23482207
991.76992406
991.61572164
991.53552287
991.34972417
990.92612405
990.44272266
990.27582291
990.02362179
989.97942260
989.55162107
989.38432099
988.95952298
988.53222336
988.65092395
988.29362583
987.89082229
987.73152385
987.28812460
987.04872234
986.83272243
986.47552358
986.20042412
985.79692142
985.39862044
985.14102229
984.99082231
984.73062255
984.71002374
984.44062201
984.20472299
983.67042280
983.10272382
982.63532378
982.22322360
981.80492074
981.40332650
980.80522286
980.31952476
980.01962316
979.91932296
979.43552263
978.97982379
978.42582163
978.11962251
977.59992250
977.30502471
976.79052610
976.30682338
975.80742454
975.64112257
975.12612493
974.58592273
974.26082264
973.95552266
973.40612354
973.01582407
972.77012121
972.49612083
971.97742947
971.70612450
971.28572328
970.91002131
970.64372164
970.28562145
969.80392144
969.30602224
968.86182160
968.62082223
969.08152257
970.31992218
970.70902348
971.09492454
971.67322312
971.90572130
972.44702066
972.73262239
972.94252346
972.90852120
973.31532485
973.56832550
973.99632325
974.27382249
974.74862292
974.93722372
975.44905486
975.42793330
975.30778726
975.31842332
975.31756476
974.97772915
974.67532143
974.51972761
974.47832092
974.36722388
974.10082378
973.87142243
973.74022503
973.40662158
973.11952143
972.75022264
972.48122090
972.25422345
972.20373543
971.80012365
971.41781860
971.43732573
970.91902280
970.62212276
970.14632148
969.95092301
969.61492244
969.27585655
968.859818170
968.431833884
967.833428845
967.336622481
966.936832142
966.491324596
966.173926090
965.820022612
965.419623870
965.167926514
964.854026333
964.697924158
964.152823125
963.943519759
963.539615039
963.14886639
962.79452410
962.61562462
962.56032294
962.17632291
961.923012356
961.59092488
961.45662116
961.16072500
960.61362889
960.26532322
959.79832516
959.38172383
959.08902452
958.76852359
958.23082306
957.87602587
957.52172585
956.91512536
956.56042299
956.07992890
955.75872294
955.53192401
955.13502273
954.87382427
954.71542449
954.59682499
954.03012531
953.58912404
953.24802399
953.23962154
952.83462407
952.70662400
952.31772032
951.94172345
951.62692372
951.46952425
951.27992338
950.90362519
950.59272356
950.37462323
950.38302365
950.33082507
950.06422322
949.77192427
949.69892146
949.39082357
949.15382460
949.15212353
949.02162435
948.86362375
948.54092356
948.51062368
948.34322254
948.18202221
947.81542454
947.48522434
947.33292339
947.27982235
946.96762496
946.48832303
946.35912448
946.30242391
946.29692272
946.27152369
945.81942616
945.44052425
944.98582340
944.73272421
944.53142279
944.35072248
944.17462252
943.80592431
943.44932369
943.17042218
942.90212507
942.55332539
942.25432350
942.14332253
941.95832414
941.67992485
941.31422352
940.93672508
940.72732231
940.36602192
940.19552371
939.76372280
939.84882360
939.44122411
939.13842279
938.78412141
938.62052383
938.29372158
937.96862268
937.76632645
937.88522130
937.67842507
937.42542237
937.16302415
936.88802193
936.55812483
936.38372378
936.17042342
935.91162445
935.66832282
935.39422251
935.06842317
934.95652415
934.70072333
934.53402456
934.28682475
933.95382538
933.80242320
933.43522316
933.14302485
932.86402353
932.41172508
932.03732280
931.79552358
931.85712460
931.74272622
931.71842198
931.31832228
930.96672480
930.65572309
930.35262290
929.88292585
929.63522215
929.43812349
929.12412329
928.90432316
928.50962436
928.34432428
928.08862353
927.98702453
927.83202531
927.73882381
927.57262556
927.28132548
926.93442469
926.62142278
926.22602196
926.29122349
925.93752185
925.70832233
925.44972129
925.10832433
924.84622335
924.60172076
924.29112323
923.99632339
923.70032520
923.51282357
923.09362430
922.87322368
922.60472286
922.20522296
921.80842428
921.45272452
921.05952183
920.71852418
920.48612463
920.20012246
920.01342527
919.77362167
919.66582398
919.69042423
919.51962462
919.32922262
918.99972235
918.98752121
918.92952276
918.53392400
918.27072309
918.02862383
917.77982294
917.69402153
917.51472399
917.32962251
917.11292483
916.91102253
916.67062318
916.49392430
916.45392385
916.23622363
916.00812150
915.69762344
915.30092242
915.30332344
915.03172495
914.71172307
914.51972278
914.29052357
914.15282255
913.69982208
913.57762460
913.26582198
913.18732208
912.84442303
912.61842177
912.59402237
912.22682299
911.80552092
911.58382345
911.27252184
910.97812303
910.83172327
910.66332148
910.62692062
910.24582242
909.99622367
909.74972307
909.41142132
909.13942174
908.81142210
908.51612292
908.25692394
907.86862246
907.49202331
907.11942293
906.81752224
906.62962225
906.39642221
906.27572185
906.06692233
905.72462428
905.49262447
905.15062437
904.70002258
904.62872485
904.61032303
904.43052256
904.19872506
904.12912339
903.89822283
903.77412457
903.60832291
903.33702209
903.04812056
902.89052370
902.79652296
902.58652278
902.34892211
902.05002181
901.85074810
901.51704116
901.26162376
900.97422468
900.64292372
900.41822432
900.23792492
899.84892483
899.39792536
899.26292188
898.96032280
898.73412612
898.39492438
898.06092201
897.69252211
897.33832313
897.16332596
897.06162320
896.95942166
896.66832918
896.46322434
896.15352234
895.86382536
895.69832160
895.40322135
895.20712581
894.82522374
894.70802293
894.56752275
894.34152507
894.22962448
893.97802424
893.84472250
893.54522354
893.34222288
893.11622420
892.89542371
892.75242326
892.39642302
892.25842254
892.03332181
891.84613036
891.45452321
891.32862305
891.36262397
891.16932333
891.01152513
890.77082168
890.55222459
890.15962436
889.90752420
889.91422478
889.71362279
889.40312280
889.12312541
888.97282186
888.71992403
888.36182286
887.99792276
887.75752329
887.56102211
887.43632300
887.21742201
887.09782584
886.85512354
886.81654136
886.76302299
886.64682207
886.44332274
886.36432345
886.17092466
886.00602364
885.90192211
885.65072213
885.55682122
885.17952216
884.85622389
884.46682269
884.27442347
883.97312242
883.75702334
883.46862492
883.27132048
882.96612407
882.59442301
882.36202270
882.07212362
881.86292222
881.69232116
881.34462127
881.17752313
880.98652230
880.80402177
880.59372262
880.38752365
880.21702226
879.92022323
879.67911961
879.31462305
879.01332329
878.75202319
878.46752228
878.29121985
878.14772492
877.89222237
877.59282201
877.33012300
877.03272250
876.62502312
876.34952441
876.04682386
875.77112495
875.49712192
875.18922230
874.90362424
874.67292254
874.38202016
874.09312213
873.83962401
873.51582363
873.35682286
873.06852533
872.74432274
872.63882289
872.49332211
872.38122136
872.13962268
871.88472207
871.78542247
871.57562159
871.40732309
871.21822490
870.96512310
870.75492347
870.43612384
870.29062251
870.17682153
869.97372477
869.69422431
869.35372168
869.35312472
869.14182302
868.84462413
868.63502292
868.43752477
868.18472306
867.82972076
867.62212241
867.35152222
867.19172634
866.93952599
866.72182618
866.32302371
866.04672230
865.67312200
865.38432240
865.27732429
865.10262189
864.90852369
864.73922218
864.41392211
864.29192434
863.89332215
863.58882371
863.39872291
863.26932086
863.31362288
863.41702067
863.34262149
863.20912317
863.09672395
863.06652311
863.18752460
863.03832257
862.95532148
862.92462309
862.88632413
862.88242215
862.78662150
862.89002168
862.96412379
862.83462288
862.94632233
862.85752126
862.84722166
862.69592337
862.81282260
862.65912118
862.54792430
862.59302038
862.58162200
862.57282120
862.52252458
862.63802404
862.67592080
862.67392492
862.55432136
862.40832474
862.52802232
862.55002322
862.49602348
862.74502221
862.63422473
862.53692311
862.64242454
862.77952222
862.71992321
862.74392206
862.88332207
862.89992300
862.96022406
862.94052169
863.05802303
862.84222441
862.69142372
862.52972316
862.43082180
862.30052233
862.40672300
862.55192292
862.53132259
862.51782377
862.41532051
862.24302330
862.27452238
862.18392228
862.32492232
862.36102294
862.25962318
862.32382366
862.20512425
862.22792117
862.08432266
861.91512208
861.88512321
861.81652312
861.80722230
861.75542289
861.58092188
861.65732346
861.59872235
861.54452232
861.50322177
861.32952413
861.15812222
861.12652170
861.07112396
860.92082194
860.83162245
860.72972358
860.63912224
860.59552230
860.77302351
860.90192061
861.01242310
861.19912188
861.40032315
861.28402368
861.30532349
861.44122209
861.57362215
861.47242378
861.39742192
861.43032269
861.30092242
861.22792238
861.23962178
861.26892199
861.21902071
861.26412217
861.07372172
861.03432336
860.99922303
861.07122169
861.13812122
861.14052222
860.91982293
860.88912295
860.91012398
860.79592171
860.79712965
860.78952238
860.64402243
860.63982399
860.52552378
860.58162073
860.68322383
860.56492216
860.39652183
860.25032313
860.21022198
859.98502213
860.06702170
860.16012317
860.04582370
859.93972378
859.94522217
859.72612316
859.59852262
859.64762259
859.45062252
859.48182130
859.51312803
859.42002015
859.36562362
859.35492304
859.33192391
859.38972332
859.42342082
859.34072449
859.54852220
859.58662223
859.68722273
859.60342500
860.01262219
860.28092267
860.28952304
860.12462250
859.97082304
859.88402158
859.98102285
859.88862193
859.81222233
860.09772291
860.04262202
859.99402120
859.97852294
859.88112220
859.94182165
859.89032105
860.15542324
860.29992381
860.77692319
861.05982594
861.87582487
862.17762325
862.56072129
862.81222320
862.98762263
863.08412235
863.51362033
863.84342298
864.07962141
864.68582445
865.07282358
865.27372594
865.64822321
865.91292253
865.92202148
866.43042214
866.80362308
867.17302194
867.41142245
867.60342436
867.63262311
867.70305018
867.88872303
868.13342230
868.30652277
868.26012262
868.50702432
868.71842433
869.07732346
869.29352231
869.65482152
870.18652148
870.65292120
871.16212235
871.74792263
872.17742484
872.31212395
872.47782546
872.64102347
872.91172336
873.20902349
873.41102284
873.85491986
874.15542366
874.25362299
874.23222184
874.35102463
874.51072144
874.70062312
874.93902197
875.06842208
875.23292198
875.36092136
875.60762248
875.73412165
876.10912187
876.27972174
876.65872371
877.12092636
877.36532338
877.67612159
877.86272316
878.32902106
878.74812087
879.00442192
879.35912103
879.39242209
879.57502283
879.70752262
879.91202168
880.04142247
880.03602177
880.13912248
880.31312371
880.58542512
880.60592364
880.73362587
881.04832136
881.22452218
881.45622109
881.65802157
881.96742215
882.22062305
882.62952498
883.08002221
883.21792233
883.39442578
883.70382229
883.96542391
884.29282349
884.39072139
884.52142186
884.90452263
885.17172350
885.46642006
885.61012109
885.93722315
886.18032358
886.43502232
886.49592240
886.50582155
886.61972397
886.83362373
886.92692465
887.01782191
887.37782257
887.59112152
887.84322246
887.82352240
887.95832244
888.22192326
888.47752161
888.61822441
888.85372378
889.03962266
889.14262241
889.45822196
889.78662237
890.01112260
890.12812171
890.40552366
890.64402130
890.82822508
891.36552203
891.40652473
891.63982407
892.03332327
892.43652221
892.50872212
892.94222267
893.15102542
893.41932463
893.78952204
894.00602143
894.11312198
894.52532346
894.72532379
895.02452080
895.17482215
895.51962289
895.68692466
895.76322211
895.80562151
896.05022255
896.14322377
896.20712394
896.49762262
896.87362184
897.06982164
897.23702126
897.40472412
897.44872250
897.48582012
897.72132158
897.82302129
898.02092189
898.24142350
898.45922162
898.50132186
898.58852433
898.83192339
899.22032389
899.70512235
900.01682203
900.36142409
900.47362222
900.60332305
900.95712080
901.10112461
901.32922398
901.66702177
901.97112123
902.17532132
902.24787922
902.39312191
902.43992285
902.59712527
902.77492206
902.96352198
903.12952246
903.35462147
903.62272053
903.84072352
903.94432217
904.14312168
904.37542298
904.51942482
904.58362415
904.80472193
904.85352264
905.10462298
905.24522329
905.60392396
905.84092302
906.04942143
906.25152310
906.25732303
906.45452206
906.68262191
906.88952396
907.36782343
907.71482370
907.80492296
907.98082428
908.10532348
907.98192149
907.86692697
907.97722346
908.32282198
908.40452278
908.60492151
908.74942458
909.27892380
909.53132329
909.57692459
909.68112130
909.68862413
909.70952334
909.91862327
910.11032169
910.43962198
910.70322268
910.92042332
911.09772434
911.52662084
911.60922357
911.88112395
912.30842291
912.47402935
912.52672054
912.84822209
913.02712012
913.31592337
913.43002173
913.87662334
914.16892306
914.34072182
914.45242159
914.60872264
914.71172280
914.80342310
914.87742254
915.12752177
915.30062279
915.47202278
915.52792168
915.76382169
915.90252340
915.93942336
916.12312234
916.56102522
916.55572302
916.74932458
916.93262227
916.89272228
917.20232025
917.35762250
917.51822188
917.74822164
917.85954168
918.17342568
918.37982362
918.34982066
918.54212030
918.85302358
919.09742242
919.58162372
920.12032328
920.42602016
920.62442216
920.72802266
921.14402214
921.26842260
921.46762150
921.90212528
922.14712234
922.34752447
922.59742415
922.67222234
922.75652359
922.97692145
923.09492102
923.25872245
923.69562128
923.76942198
924.18532124
924.46172268
924.51442464
924.72252197
924.67632171
924.88302361
925.00512400
925.17402078
925.29152239
925.32802484
925.64992079
925.79072136
925.83542244
926.01302377
926.11161973
926.14512214
926.34952323
926.56682062
926.64812243
926.94972462
927.23122158
927.48252293
927.56282154
927.82282235
928.07602378
928.05132169
928.24482433
928.36602355
928.28951905
928.36762280
928.64042225
928.72132455
928.79792387
928.79132188
928.92182256
929.20082263
929.58282466
929.79912296
930.29662370
930.58872290
930.64972261
930.83232323
931.09022221
931.18222108
931.39472235
931.66842235
931.92872364
931.98982337
931.97232232
931.97162280
932.09522194
932.37602144
932.35902333
932.49512380
932.40582398
932.45452419
932.60692496
932.74872437
933.05562534
933.43942234
933.59602109
933.66782377
933.70932279
933.85992631
933.90932256
934.00552399
934.15292411
934.34842621
934.52242038
934.76692320
934.92282544
935.19572342
935.32802324
935.45692526
935.77762312
935.98472484
936.23152431
936.31152179
936.38502308
936.56162508
936.80842021
936.89532301
937.15981945
937.44642284
937.40712444
937.69392375
937.87352388
937.77992253
937.95592423
938.14542040
938.96042365
939.25992443
939.53872290
939.55592484
939.73052420
940.03332245
940.19522245
940.39022327
940.42922079
940.38902059
940.68742109
940.89972106
941.51782398
942.02932132
942.40492337
942.64672267
942.65572114
942.89622348
943.39422190
943.63802315
944.05272313
944.25162105
944.57272179
944.72382265
944.87942192
944.92512082
945.13432348
945.29712185
945.43482473
945.80042368
946.22842261
946.26302229
946.58282326
946.71432305
946.83312107
948.03232139
948.29502261
948.46542238
948.74332114
948.76822238
948.98692138
949.08972152
949.32312342
949.65062293
949.89502319
949.99032162
950.13712518
950.34422314
950.44472333
950.77562127
950.98852166
951.22112194
951.40752124
951.43422203
951.37762327
951.52122506
951.63062385
951.71202268
951.85462331
951.95492240
951.97832066
951.96972337
951.88482181
952.05942252
952.28222279
952.42432314
952.50772149
952.58872181
952.71292170
952.61212278
952.65002180
952.88992247
952.96322417
953.16952388
953.34982254
953.59732305
953.76512136
953.90342277
953.91152354
954.19762396
954.37512341
954.57432272
954.70902403
954.81592232
955.12602243
955.29132198
955.38662122
955.40152731
955.42152342
955.43712364
955.44172335
955.54592208
955.72712297
956.07172355
956.35842402
956.58772286
956.84132382
956.89642225
956.89582312
956.97682023
957.11112243
957.22882223
957.34782430
957.58162196
958.11732187
958.21952337
958.43462374
958.66992230
958.64142980
958.82302035
959.13432324
959.26152334
959.43092568
959.57242394
959.72112277
959.74782322
959.89442157
960.06112401
960.30962489
960.65252221
960.98042173
961.27082059
961.30542160
961.33532220
961.48422160
961.65302357
961.87642304
961.98042403
962.02932151
962.05782308
962.21032361
962.31742016
962.55992267
962.64282346
962.62942199
962.66692400
962.83672321
962.96452252
963.33442058
963.63852451
964.02412453
964.37382254
964.54772410
964.62402294
964.72602446
964.86882352
965.17462172
965.32522303
965.51752157
965.59442134
965.77442133
965.77401833
965.81572340
965.93842103
966.04492318
966.17072160
966.22522144
966.38482124
966.44932288
966.64512046
966.55642149
966.61772304
966.74122258
966.80812111
966.79072190
967.03392055
967.07192190
967.13232144
967.42902296
967.68022450
967.99752452
968.22492591
968.38572429
968.44272277
968.54932155
968.69312331
968.78922452
969.00052192
969.14202340
969.18582258
969.52972430
969.96922210
970.14952351
970.30342221
970.57082236
970.86352230
971.02982060
971.10982090
971.17852095
971.33352503
971.57332191
971.68702182
971.75532544
971.87262473
971.93132310
972.14202186
972.19172333
972.29742402
972.44902236
972.52572002
972.68112328
972.85002350
972.92382248
973.05672232
973.26012313
973.39962388
973.56722228
973.69632082
973.77382404
974.36062359
974.64781928
974.79782355
974.90552526
974.98752472
975.13912416
975.18052055
975.27361944
975.40952270
975.63602246
975.83202298
975.84302298
976.09932332
976.21132234
976.28142330
976.37892263
976.71892411
976.78362372
976.81012226
976.90552408
976.98062243
977.05822043
977.17842235
977.17822304
977.21082232
977.21972447
977.30822256
977.64242323
977.79682379
978.07072423
978.20902413
978.30702200
978.28552143
978.29102403
978.30262312
978.26402335
978.36552201
978.40492260
978.39252306
978.46152158
978.40742257
978.39882265
978.47602261
978.60712245
978.71092118
978.92902399
979.04582250
979.24032282
979.27272333
979.49412155
979.54512161
979.65622470
979.70272369
979.87482190
979.85302543
980.12852295
980.39732048
980.57962377
980.61992142
980.58622047
980.79312096
980.89222218
981.15242111
981.31142089
981.42782189
981.62072307
981.73742271
981.81312113
982.01562130
982.26422270
982.49942428
982.65692236
982.63912195
982.94422212
983.11522354
983.15682371
983.19972186
983.39112280
983.53542070
983.89902183
984.00942255
984.15522175
984.31332367
984.42982281
984.44222504
984.65812306
984.83852240
984.93372197
984.94202157
985.15001953
985.34462271
985.45072334
985.53412201
985.61001937
985.70872295
986.06952205
986.30782168
986.51792185
986.73112141
986.76651978
986.80962229
987.06402315
987.16672074
987.24912186
987.45642206
987.57431973
987.84982170
988.03132439
988.10862323
988.39912334
988.53592156
988.61612235
988.65852116
988.63812138
988.77472134
988.91532216
989.04272330
989.10972325
989.17982386
989.30672246
989.50071896
989.65262130
989.69702265
989.88912391
990.01192365
989.88112203
990.15792055
990.28632231
990.43182281
990.52172381
990.69772478
990.84472221
991.17782223
991.63622231
991.96502081
992.23092081
992.40232033
992.58572342
992.61952224
992.80092389
992.86592216
993.07682221
993.30052299
993.48572443
993.63032767
993.72662086
994.05321975
994.44592189
994.33892158
994.25612470
994.38262462
994.61392316
994.66262587
994.88372222
995.11322258
995.33052097
995.63152277
995.85952214
996.04942182
996.36362031
997.13472357
997.17513154
997.16152041
997.26381976
997.42912130
997.29792199
997.38542507
997.66412306
997.81152313
997.99972260
998.20922206
998.24642213
998.36792272
998.62192384
998.81912214
998.99042300
999.16712234
999.48492399
999.64132565
999.87862316
1000.09512342
1000.21972181
1000.46252341
1000.40252319
1000.53582311
1000.67252406
1000.81912249
1000.83652243
1001.09792231
1001.23122097
1001.29172184
1001.25542196
1001.45632301
1001.55962139
1001.70382101
1002.03012304
1001.96862171
1002.24332142
1002.15642195
1002.41842017
1002.60682154
1002.76181920
1003.09372399
1003.22362199
1003.50102310
1003.75752199
1003.99982217
1004.09412317
1004.32062272
1004.54742328
1004.78252180
1004.96672196
1005.28242258
1005.51732098
1005.67672116
1005.81152151
1005.96612165
1006.07172282
1006.16892210
1006.41492153
1006.56672218
1006.68002268
1006.88152202
1006.80152044
1006.94282091
1007.23852418
1007.31012158
1007.72732145
1007.76082128
1007.92982191
1008.09722204
1008.07812207
1008.22042211
1008.39932049
1008.51882345
1008.79062299
1008.98032227
1009.02392200
1009.35582338
1009.37972167
1009.41932290
1009.59242270
1009.72462325
1009.85472180
1010.04492303
1010.39072277
1010.43572019
1010.61402055
1010.79672044
1010.96482040
1011.06772267
1011.13032341
1011.39632245
1011.45362391
1011.50782352
1011.46732295
1011.70822117
1011.84732317
1012.21331938
1012.23122377
1012.29902043
1012.53662109
1012.71152271
1013.06392284
1013.29562146
1013.46892290
1013.50382153
1013.73122169
1013.80942330
1013.94042060
1014.25302438
1014.39842237
1014.54802198
1014.70502134
1014.86072258
1015.01622287
1015.04033530
1015.22622206
1015.47152198
1015.51142163
1015.76082012
1015.84962326
1015.99901867
1016.06362197
1016.14902230
1016.47652251
1016.52222175
1016.76922018
1017.02592258
1017.12362245
1017.32602319
1017.42612148
1017.48782339
1017.63312283
1017.71022127
1017.93372123
1018.06912290
1018.18452325
1018.32342256
1018.34482207
1018.56422131
1018.57782400
1018.72212169
1019.03002432
1019.01822308
1019.02802337
1019.17802151
1019.24092556
1019.42112325
1019.55042369
1019.73212214
1019.84352086
1019.88652220
1019.98032231
1020.14112315
1020.29292236
1020.37522151
1020.53752266
1020.51402210
1020.42542322
1020.51992244
1020.69022135
1020.90952288
1021.12122190
1021.66062203
1022.21942010
1022.56432231
1022.71762133
1022.80032432
1022.85282298
1023.13261907
1023.75842308
1023.91962130
1024.12732535
1024.29192207
1024.69602400
1025.19562103
1025.25642247
1025.67602264
1025.86822197
1026.11942114
1026.40222431
1026.59952094
1026.86612239
1027.08471960
1027.26252249
1027.46332305
1027.46341994
1027.58626066
1027.55675686
1027.44706078
1027.43775443
1027.34893542
1027.21212213
1027.08622152
1026.97272154
1026.87282329
1026.81373534
1026.61852475
1026.46772058
1026.25652203
1026.06972329
1025.82712045
1025.60452433
1025.45692226
1025.33852092
1025.10742128
1024.89242318
1024.71272368
1024.50922239
1024.36532034
1024.21902209
1024.00112425
1023.98422231
1023.85952303
1023.67692245
1023.44552160
1023.33142297
1023.15512333
1022.98672322
1022.91202343
1022.73922363
1022.64462063
1022.40392355
1022.29372289
1022.17742100
1022.09742382
1022.07712289
1021.99612287
1021.88212287
1021.80912582
1021.70282186
1021.62472348
